N-term, time, date, conId, Previous Price, Current Price, Difference in Price ($), Difference in Price (%), cumulativeAggregatedAvg, Previous Volume, Current Volume, Difference in Volume, cumulativeAggregatedAvgVolume, SMA 5, SMA20, Crossing SMA Condition, Volume Condition, Order
0,09:30:00,20221227,181764593,661.33,656.17,-5.160000000000082,-0.007802458681747511,0.007802458681747511,4110,4110,0,0,,,0,0,
1,09:40:00,20221227,181764593,656.17,653.08,-3.089999999999918,-0.004709145495831749,0.00625580208878963,4110,600,-3510,0.427007299270072992700729927,,,0,0,
2,09:50:00,20221227,181764593,653.08,652.82,-0.2599999999999909,-0.00039811355423530177,0.004303239243938187,600,2204,1604,1.1757826439578264395782643958,,,0,1,
3,10:00:00,20221227,181764593,652.82,652.23,-0.5900000000000318,-0.0009037713305352651,0.0034533722655874562,2204,3001,797,0.9722407942206384322245331426,,,0,0,
4,10:10:00,20221227,181764593,652.23,655.58,3.3500000000000227,0.0051362249513208875,0.0037899428027341423,3001,1600,-1401,0.8711615124174970836669973905,439.6625984,,0,0,
5,10:20:00,20221227,181764593,655.58,654.41,-1.1700000000000728,-0.001784679215351403,0.0034557322048370193,1600,522,-1078,0.8382595936812475697224978254,482.61207872,,0,0,
6,10:30:00,20221227,181764593,654.41,656.48,2.07000000000005,0.0031631545972709008,0.003413935403756145,522,1151,629,0.8906483435713375447101431826,517.385662976,,0,0,
7,10:40:00,20221227,181764593,656.48,655.34,-1.1399999999999864,-0.0017365342432366353,0.0032042602586912065,1151,995,-156,0.7962590903729655297273700719,544.9765303808,,0,0,
8,10:50:00,20221227,181764593,655.34,655.83,0.4900000000000091,0.0007477034821619451,0.002931309505743511,995,2097,1102,0.8308456012695483658994824983,567.1472243046401,,0,0,
9,11:00:00,20221227,181764593,655.83,653.11,-2.7200000000000273,-0.004147416251162691,0.0030529201802854287,2097,1000,-1097,0.8000738689919020653133492222,584.3397794437121,,0,0,
10,11:10:00,20221227,181764593,653.11,654.13,1.0199999999999818,0.0015617583561727455,0.002917360014457003,1000,1710,710,0.7918853354471836957394083838,598.2978235549697,,0,0,
11,11:20:00,20221227,181764593,654.13,652.2,-1.92999999999995,-0.0029504838487761607,0.0029201203339835995,1710,300,-1410,0.7946083411189827152465044688,609.0782588439757,,0,0,
12,11:30:00,20221227,181764593,652.2,652.43,0.2299999999999045,0.00035265256056409765,0.00272262281295133,300,1002,702,0.9134846225713686602275425866,617.7486070751806,,0,1,
13,11:40:00,20221227,181764593,652.43,654.01,1.580000000000041,0.002421715739619639,0.002701129450570495,1002,1105,103,0.8555781789003883781097782815,625.0008856601445,,0,0,
14,11:50:00,20221227,181764593,654.01,652.08,-1.92999999999995,-0.0029510252136816717,0.00271778916811124,1105,1638,533,0.8306964963854605254514793372,630.4167085281156,,0,0,
15,12:00:00,20221227,181764593,652.08,653.9,1.8199999999999363,0.002791068580542167,0.002722369131388173,1638,900,-738,0.8069373060207099019514212193,635.1133668224925,,0,0,
16,12:10:00,20221227,181764593,653.9,653.61,-0.2899999999999636,-0.00044349288882086503,0.0025883175877077433,900,700,-200,0.7725423010913870972614683371,638.812693457994,,0,0,
17,12:20:00,20221227,181764593,653.61,652.16,-1.4500000000000455,-0.002218448310154443,0.0025677692945103377,700,800,100,0.7375597923005957505882121596,641.4821547663952,,0,0,
18,12:30:00,20221227,181764593,652.16,652.92,0.7599999999999909,0.0011653581943081315,0.0024939581839733796,800,1110,310,0.7191355927058275531888325723,643.7697238131161,,0,0,
19,12:40:00,20221227,181764593,652.92,650.39,-2.5299999999999727,-0.00387490044722167,0.002563005297135794,1110,601,-509,0.7061067409984641034573188716,645.0937790504929,419.16114728198664,0,0,
20,12:50:00,20221227,181764593,650.39,650.95,0.5600000000000591,0.0008610218484294949,0.0024819584662450177,601,1114,513,0.7131291519532159514742867314,646.2650232403944,430.75058991788734,0,0,
21,13:00:00,20221227,181764593,650.95,651.85,0.8999999999999773,0.0013825946693294066,0.0024319873845670354,1114,600,-514,0.7016869340947255577276588785,647.3820185923155,441.80556042199294,0,0,
22,13:10:00,20221227,181764593,651.85,652.1,0.25,0.0003835238168290251,0.002342923751187122,600,685,85,0.6773382268152447363771809562,648.3256148738524,452.3202824008933,0,0,
23,13:20:00,20221227,181764593,652.1,650.83,-1.2699999999999818,-0.001947554056126333,0.0023264500138929223,685,1651,966,0.7078749247855341132373774918,648.8264918990819,462.2457682808486,0,1,
24,13:30:00,20221227,181764593,650.83,652.19,1.3600000000000136,0.0020896393835564027,0.0023169775886794615,1651,635,-1016,0.7041753124094973640924977767,649.4991935192655,471.7429798668062,0,0,
25,13:40:00,20221227,181764593,652.19,650.53,-1.6600000000000819,-0.0025452705499932255,0.0023257580871915294,635,800,165,0.6870855896124028258611994067,649.7053548154124,480.6823308734659,0,0,
26,13:50:00,20221227,181764593,650.53,650.52,-0.009999999999990905,-1.537208122606322E-05,0.0022401882351187345,800,2113,1313,0.7224250122193508693478216509,649.86828385233,489.1742143297926,0,1,
27,14:00:00,20221227,181764593,650.52,650.44,-0.07999999999992724,-0.00012297854024461544,0.0021645736031589446,2113,1323,-790,0.7099768334143429525921603172,649.9826270818639,497.237503613303,0,0,
28,14:10:00,20221227,181764593,650.44,650.98,0.5399999999999636,0.0008302072443268612,0.002118560970095769,1323,1366,43,0.6866156284567706710408420463,650.1821016654911,504.9246284326378,0,0,
29,14:20:00,20221227,181764593,650.98,651.14,0.15999999999996817,0.0002457832805922888,0.00205613504711232,1366,2558,1192,0.6928158005291974954273283754,650.3736813323928,512.235397011006,0,0,
30,14:30:00,20221227,181764593,651.14,652.04,0.8999999999999773,0.0013821912338360066,0.0020343949241034063,2558,1485,-1073,0.6839981403391083734658273794,650.7069450659143,519.2256271604557,0,0,
31,14:40:00,20221227,181764593,652.04,653.39,1.3500000000000227,0.002070425127292839,0.002035520867953076,1485,1773,288,0.6686838045141172974010808799,651.2435560527314,525.9338458024329,0,0,
32,14:50:00,20221227,181764593,653.39,652.18,-1.2100000000000364,-0.0018518801940648562,0.0020299559990473726,1773,1600,-173,0.6513774689861894577816699106,651.430844842185,532.2461535123113,0,0,
33,15:00:00,20221227,181764593,652.18,653.86,1.6800000000000637,0.002575975957557827,0.0020460154095917975,1600,800,-800,0.6469251904865956501998560897,651.9166758737481,538.3268458366957,0,0,
34,15:10:00,20221227,181764593,653.86,655,1.1399999999999864,0.0017434924907472338,0.00203737189762481,800,1511,711,0.6538344707584072030512887729,652.5333406989985,544.160503544861,0,0,
35,15:20:00,20221227,181764593,655,654.56,-0.44000000000005457,-0.000671755725190923,0.001999438115057202,1511,800,-711,0.6487432161566726401457351047,652.9386725591987,549.6804783676179,0,0,
36,15:30:00,20221227,181764593,654.56,656.02,1.4600000000000364,0.0022305059887558613,0.0020056831927247336,800,1616,816,0.6587771832875733796012557775,653.554938047359,554.997454449237,0,1,
37,15:40:00,20221227,181764593,656.02,654.04,-1.9800000000000182,-0.0030182006646139116,0.0020323283893533962,1616,1930,314,0.6465542819035074829520304431,653.6519504378872,559.9495817267751,0,0,
38,15:50:00,20221227,181764593,654.04,654.57,0.5300000000000864,0.000810347990948698,0.0020009955586250705,1930,7291,5361,0.7011995620406966759625602856,653.8355603503097,564.6806026404364,0,1,
39,09:30:00,20221228,181764593,654.57,660.35,5.779999999999973,0.008830224422139684,0.002171726280212936,7291,4370,-2921,0.6936853458603417196313196223,655.1384482802478,569.4640725084146,0,0,
40,09:40:00,20221228,181764593,660.35,660.06,-0.2900000000000773,-0.00043916105095794243,0.0021294685916945213,4370,1232,-3138,0.6942802838443251246947294189,656.1227586241982,573.9938688829939,0,0,
41,09:50:00,20221228,181764593,660.06,657.3,-2.759999999999991,-0.0041814380510862515,0.0021783250073943244,1232,1320,88,0.6794504811677595605013174940,656.3582068993585,578.1591754388442,0,0,
42,10:00:00,20221228,181764593,657.3,656.33,-0.9699999999999136,-0.0014757340635933572,0.002161985683119883,1320,700,-620,0.6745724925289039822796519004,656.3525655194869,582.067716666902,0,0,
43,10:10:00,20221228,181764593,656.33,656.62,0.2899999999999636,0.0004418508981761669,0.0021228917107347987,700,1400,700,0.6819685722441561645005689027,656.4060524155896,585.7953308335569,0,0,
44,10:20:00,20221228,181764593,656.62,654.74,-1.8799999999999955,-0.0028631476348572925,0.0021393418423819653,1400,700,-700,0.6779248261942860275116673715,656.0728419324716,589.242564291879,0,0,
45,10:30:00,20221228,181764593,654.74,653.8,-0.9400000000000546,-0.001435684393805258,0.0021240449413259498,700,801,101,0.6663239759354040331247677703,655.6182735459773,592.4704360772851,0,0,
46,10:40:00,20221228,181764593,653.8,656,2.2000000000000455,0.00336494340777003,0.002150447036356675,801,1172,371,0.6620015729624112679500409930,655.694618836782,595.6469142734207,0,0,
47,10:50:00,20221228,181764593,656,658.24,2.240000000000009,0.0034146341463414773,0.0021767842678146916,1172,3395,2223,0.6877256585086295201180328864,656.2036950694256,598.7765685597498,0,1,
48,11:00:00,20221228,181764593,658.24,657.41,-0.8300000000000409,-0.0012609382596014233,0.002158093532953196,3395,1957,-1438,0.6823346055758243912021558665,656.4449560555405,601.7082401317623,0,0,
49,11:10:00,20221228,181764593,657.41,656.9,-0.5099999999999909,-0.0007757715885063978,0.00213044709406426,1957,500,-1457,0.6835780514305828139555271590,656.5359648444324,604.4678281251743,0,0,
50,11:20:00,20221228,181764593,656.9,657.27,0.37000000000000455,0.0005632516364743561,0.0020997177713664187,500,800,300,0.6819392661084145234858109402,656.682771875546,607.1079367189155,0,0,
51,11:30:00,20221228,181764593,657.27,656.84,-0.42999999999995,-0.0006542212484974972,0.0020719197613112473,800,1618,818,0.6884885109909450134187761144,656.7142175004367,609.5945398829698,0,0,
52,11:40:00,20221228,181764593,656.84,656.49,-0.35000000000002274,-0.000532854271968855,0.002042880789814221,1618,1334,-284,0.6788099605934900954941127780,656.6693740003493,611.9393128888214,0,0,
53,11:50:00,20221228,181764593,656.49,659.03,2.5399999999999636,0.0038690612195158547,0.0020766989459198065,1334,1128,-206,0.6690990870381605965298567609,657.1414992002794,614.2938472443803,0,0,
54,12:00:00,20221228,181764593,659.03,655.63,-3.3999999999999773,-0.005159097461420539,0.002132742555292547,1128,1200,72,0.6580941906780857230146137173,656.8391993602236,616.3606548821614,0,0,
55,12:10:00,20221228,181764593,655.63,653.16,-2.4700000000000273,-0.0037673687903238525,0.002161932309489535,1200,1500,300,0.6508067944159770493893527581,656.103359488179,618.2006221380533,0,0,
56,12:20:00,20221228,181764593,653.16,654.31,1.1499999999999773,0.001760671198481195,0.0021548926408753535,1500,1300,-200,0.6417283126425973350725804875,655.7446875905431,620.0060910311506,0,0,
57,12:30:00,20221228,181764593,654.31,654,-0.30999999999994543,-0.00047378154085975374,0.0021259079667371537,1300,1200,-100,0.6319902913370883624519657046,655.3957500724346,621.7057864795931,0,0,
58,12:40:00,20221228,181764593,654,655.49,1.490000000000009,0.0022782874617737143,0.0021284906700428582,1200,5504,4304,0.6820695519358947743878080938,655.4146000579476,623.3949971556135,0,1,
59,12:50:00,20221228,181764593,655.49,654.35,-1.1399999999999864,-0.0017391569665440912,0.0021220017749845454,5504,1400,-4104,0.6831290516516918769852205946,655.2016800463581,624.9427472978329,0,0,
60,13:00:00,20221228,181764593,654.35,654.33,-0.01999999999998181,-3.0564682509332634E-05,0.002087715921009542,1400,2700,1300,0.6871526971749662490252755263,655.0273440370864,626.4121099329412,0,0,
61,13:10:00,20221228,181764593,654.33,655.16,0.8299999999999272,0.0012684730946157553,0.002074502327035449,2700,200,-2500,0.6910038782838526954268989198,655.0538752296691,627.8495044362942,0,0,
62,13:20:00,20221228,181764593,655.16,653.17,-1.990000000000009,-0.003037425972281594,0.0020897868293409433,200,4850,4650,1.0490831818031566208963132227,654.6771001837353,629.1155292144795,0,1,
63,13:30:00,20221228,181764593,653.17,652.77,-0.39999999999997726,-0.0006123979974585136,0.0020667026288427805,4850,600,-4250,1.0463832673967606492102722461,654.2956801469883,630.2982527537555,0,0,
64,13:40:00,20221228,181764593,652.77,652.38,-0.38999999999998636,-0.0005974539271106001,0.0020440988026622854,600,1027,427,1.0412337812316822802480629295,653.9125441175906,631.4023401160678,0,0,
65,13:50:00,20221228,181764593,652.38,651.13,-1.25,-0.0019160611913302064,0.0020421588388542236,1027,1400,373,1.0309604477017637517033938340,653.3560352940725,632.3887231102644,0,0,
66,14:00:00,20221228,181764593,651.13,650.71,-0.4199999999999591,-0.0006450324819927804,0.0020213062066622616,1400,100,-1300,1.0294322533863856146843666339,652.8268282352581,633.3047869547512,0,0,
67,14:10:00,20221228,181764593,650.71,650.89,0.17999999999994998,0.00027662092176230574,0.0019956490701196154,100,900,800,1.1319406026012917085860671246,652.4394625882064,634.1840476070136,0,1,
68,14:20:00,20221228,181764593,650.89,651.28,0.38999999999998636,0.0005991795848760718,0.00197541038192768,900,1628,728,1.1272586937069090590252384545,652.2075700705651,635.0388452266628,0,0,
69,14:30:00,20221228,181764593,651.28,653.78,2.5,0.0038385947672276133,0.002002027301717679,1628,3372,1744,1.1264586133861399475116100919,652.522056056452,635.9759029653296,0,0,
70,14:40:00,20221228,181764593,653.78,654.9,1.1200000000000045,0.0017131145033497577,0.001997958107374469,3372,1200,-2172,1.1196652260691380265426981358,652.9976448451616,636.9221078170632,0,0,
71,14:50:00,20221228,181764593,654.9,653.64,-1.259999999999991,-0.0019239578561612322,0.0019969303261076184,1200,663,-537,1.1103295979292888872851606617,653.1261158761292,637.75800242621,0,0,
72,15:00:00,20221228,181764593,653.64,651.65,-1.990000000000009,-0.003044489321338977,0.002011280449329966,663,900,237,1.1000163988254413174537579154,652.8308927009034,638.4526023048995,0,0,
73,15:10:00,20221228,181764593,651.65,651.01,-0.6399999999999864,-0.0009821223049182634,0.001997372906837916,900,3112,2212,1.1183645255680404588094879135,652.4667141607227,639.0804721896545,0,1,
74,15:20:00,20221228,181764593,651.01,651.83,0.82000000000005,0.0012595812660328566,0.001987535684960515,3112,1600,-1512,1.1099311476607236554341017679,652.3393713285782,639.7179485801718,0,0,
75,15:30:00,20221228,181764593,651.83,651,-0.8300000000000409,-0.001273338140312721,0.001978138348846728,1600,3245,1645,1.1088547509809772915468109552,652.0714970628626,640.2820511511632,0,0,
76,15:40:00,20221228,181764593,651,650.99,-0.009999999999990905,-1.5360983102904618E-05,0.0019526477337071977,3245,2200,-1045,1.0986362983488228429002642138,651.85519765029,640.8174485936049,0,0,
77,15:50:00,20221228,181764593,650.99,652.35,1.3600000000000136,0.0020891257930229553,0.001954397452416374,2200,13069,10869,1.1478903784399218507418692181,651.954158120232,641.3940761639246,0,1,
78,09:30:00,20221229,181764593,652.35,656.3,3.949999999999932,0.006055031808078381,0.0020063042164120957,13069,3657,-9412,1.1424762916156257450018917385,652.8233264961856,642.1393723557285,0,0,
79,09:40:00,20221229,181764593,656.3,659.59,3.2900000000000773,0.005012951394179609,0.0020438873061341895,3657,1506,-2151,1.1355476759523828432057749827,654.1766611969484,643.0119037379421,0,0,
80,09:50:00,20221229,181764593,659.59,660.78,1.1899999999999409,0.0018041510635393818,0.0020409275994354883,1506,2468,962,1.1294147197116315392703406122,655.4973289575587,643.900308551045,0,0,
81,10:00:00,20221229,181764593,660.78,662.22,1.4400000000000546,0.0021792427131572607,0.0020426143691150223,2468,2061,-407,1.1176524775077718590764480527,656.841863166047,644.8162931234928,0,0,
82,10:10:00,20221229,181764593,662.22,664.5,2.2799999999999727,0.003442964573706582,0.002059486058326969,2061,4622,2561,1.1191578775291469208866784390,658.3734905328375,645.8004784673182,0,0,
83,10:20:00,20221229,181764593,664.5,665.8,1.2999999999999545,0.0019563581640330394,0.0020582583452996603,4622,5320,698,1.1076323894134587085369992964,659.85879242627,646.8004545439522,0,0,
84,10:30:00,20221229,181764593,665.8,668.18,2.3799999999999955,0.0035746470411534927,0.002076098212309705,5320,3414,-1906,1.0988163692637913040048966068,661.523033941016,647.8694318167546,0,0,
85,10:40:00,20221229,181764593,668.18,667.66,-0.5199999999999818,-0.0007782334101589121,0.0020610067611219053,3414,3984,570,1.0879808251817400257121188619,662.7504271528128,648.8589602259169,0,0,
86,10:50:00,20221229,181764593,667.66,669.38,1.7200000000000273,0.0025761615193362303,0.00206692808018184,3984,6324,2340,1.0822264409565517661727052259,664.0763417222502,649.8850122146212,0,0,
87,11:00:00,20221229,181764593,669.38,666.88,-2.5,-0.0037347993665780275,0.0020858811629817964,6324,3204,-3120,1.0755347613295010765752191199,664.6370733778001,650.7347616038901,0,0,
88,11:10:00,20221229,181764593,666.88,666.3,-0.5800000000000409,-0.0008697216890595623,0.0020722164497916588,3204,3107,-97,1.0637902657716319752785709622,664.96965870224,651.5130235236957,0,0,
89,11:20:00,20221229,181764593,666.3,666,-0.2999999999999545,-0.00045024763619984175,0.002054194574085083,3107,2307,-800,1.0548312972927403665556495304,665.175726961792,652.2373723475108,0,0,
90,11:30:00,20221229,181764593,666,666.43,0.42999999999995,0.0006456456456455706,0.0020387160144319013,2307,1180,-1127,1.0486080217250493353146396871,665.4265815694337,652.9470037301353,0,0,
91,11:40:00,20221229,181764593,666.43,666.69,0.2600000000001046,0.0003901384991673613,0.0020207966936138084,1180,1201,21,1.0374035498603150112940863080,665.6792652555469,653.6341535436286,0,0,
92,11:50:00,20221229,181764593,666.69,668.74,2.0499999999999545,0.003074892378766675,0.0020321310558197533,1201,2467,1266,1.0375833134678621420134313193,666.2914122044374,654.3894458664472,0,0,
93,12:00:00,20221229,181764593,668.74,668.54,-0.20000000000004547,-0.00029906989263397656,0.002013694234934798,2467,400,-2067,1.0354585946935509538861204539,666.7411297635499,655.0969735731248,0,0,
94,12:10:00,20221229,181764593,668.54,669.63,1.0900000000000318,0.0016304185239477546,0.002009659753766513,400,1950,1550,1.0653485042230925227925823439,667.3189038108399,655.8236248944686,0,1,
95,12:20:00,20221229,181764593,669.63,669.96,0.3300000000000409,0.0004928094619417304,0.0019938592298933385,1950,2916,966,1.0594113803810250526032365342,667.8471230486718,656.5304436497452,0,0,
96,12:30:00,20221229,181764593,669.96,668.44,-1.5199999999999818,-0.002268792166696492,0.0019966935900665667,2916,1300,-1616,1.0542028487631080180643574111,667.9656984389375,657.125921467258,0,0,
97,12:40:00,20221229,181764593,668.44,667.94,-0.5,-0.0007480102926216264,0.001983951923766108,1300,2060,760,1.0494111399452741057921151455,667.9605587511501,657.6666253938951,0,0,
98,12:50:00,20221229,181764593,667.94,666.39,-1.5500000000000682,-0.0023205677156631853,0.00198735208328022,2060,3422,1362,1.0454894622543490069496528664,667.64644700092,658.1027941242003,0,0,
99,13:00:00,20221229,181764593,666.39,665.44,-0.9499999999999318,-0.0014255916205224144,0.001981734478652642,3422,1423,-1999,1.0408761807235647220233474540,667.2051576007361,658.4696544179903,0,0,
100,13:10:00,20221229,181764593,665.44,665.7,0.2599999999999909,0.00039071892281797137,0.001965981849386952,1423,1800,377,1.0331935773464460103387929747,666.9041260805889,658.8311716970908,0,0,
101,13:20:00,20221229,181764593,665.7,666.64,0.9399999999999409,0.0014120474688297142,0.0019605511201658027,1800,1120,-680,1.0267679322526355374705477277,666.8513008644711,659.2216131122362,0,0,
102,13:30:00,20221229,181764593,666.64,665.58,-1.0599999999999454,-0.00159006360254402,0.0019569541539753,1120,700,-420,1.0204400882501827652620958080,666.5970406915769,659.5395324566244,0,0,
103,13:40:00,20221229,181764593,665.58,666,0.4199999999999591,0.0006310285765797636,0.0019442048695772658,700,600,-100,1.0120017906983266122994108208,666.4776325532616,659.8625558337932,0,0,
104,13:50:00,20221229,181764593,666,665.11,-0.8899999999999864,-0.0013363363363363158,0.0019384156454511615,600,1106,506,1.0103954244377076286902100828,666.2041060426093,660.1249280421035,0,0,
105,14:00:00,20221229,181764593,665.11,665.3,0.18999999999994088,0.0002856670325208475,0.001922823677404649,1106,3010,1904,1.0171041372952931430601018195,666.0232848340875,660.3836816399984,0,1,
106,14:10:00,20221229,181764593,665.3,663.24,-2.0599999999999454,-0.003096347512400339,0.0019337911898812442,3010,510,-2500,1.0153607788537778440238335968,665.46662786727,660.5264975579985,0,0,
107,14:20:00,20221229,181764593,663.24,663.8,0.5599999999999454,0.000844339907122528,0.0019237036780038487,510,2259,1749,1.0377131027968528857730682530,665.133302293816,660.6901726800986,0,1,
108,14:30:00,20221229,181764593,663.8,663.22,-0.5799999999999272,-0.0008737571557697006,0.001914071141102618,2259,2088,-171,1.0288872689285824784362123690,664.7506418350528,660.8166640460936,0,0,
109,14:40:00,20221229,181764593,663.22,663.97,0.75,0.0011308464762823799,0.0019069509168769794,2088,4684,2596,1.0308364302942961661104773837,664.5945134680422,660.9743308437888,0,0,
110,14:50:00,20221229,181764593,663.97,663.33,-0.6399999999999864,-0.0009638989713390459,0.0018984549534036648,4684,878,-3806,1.0288699162662872970410336264,664.3416107744338,661.0921143015994,0,0,
111,15:00:00,20221229,181764593,663.33,664.92,1.5899999999999181,0.0023969969698338957,0.001902906221407506,878,2360,1482,1.0347543554698160123965287907,664.457288619547,661.2835085865194,0,1,
112,15:10:00,20221229,181764593,664.92,663.7,-1.2199999999999136,-0.0018348071948503786,0.001902303575154788,2360,1400,-960,1.0291970572888171906279079419,664.3058308956375,661.4043331571934,0,0,
113,15:20:00,20221229,181764593,663.7,665.17,1.4699999999999136,0.0022148561096879816,0.001905045264054202,1400,2631,1231,1.0278820455080882177777884487,664.47866471651,661.5926164993338,0,0,
114,15:30:00,20221229,181764593,665.17,665.04,-0.12999999999999545,-0.00019543876001622962,0.0018901791205408285,2631,2942,311,1.0199718190716802389931525476,664.590931773208,661.764985674367,0,0,
115,15:40:00,20221229,181764593,665.04,665.23,0.19000000000005457,0.00028569710092634217,0.0018763473789924277,2942,3300,358,1.0122279751826155537476068984,664.7187454185664,661.9382363906486,0,0,
116,15:50:00,20221229,181764593,665.23,665.02,-0.21000000000003638,-0.0003156802910272182,0.0018630083440525542,3300,12421,9121,1.0271998676506222066163789710,664.7789963348531,662.0923245711161,0,1,
117,09:30:00,20221230,181764593,665.02,658.9,-6.1200000000000045,-0.009202730744940008,0.0019252093813482106,12421,2585,-9836,1.0252056714110058799550099369,663.6031970678824,661.9327083425604,0,0,
118,09:40:00,20221230,181764593,658.9,659.87,0.9700000000000273,0.0014721505539536004,0.0019214021643112812,2585,1907,-678,1.0187945514701790340610070414,662.856557654306,661.8295729254324,0,0,
119,09:50:00,20221230,181764593,659.87,661.2,1.330000000000041,0.0020155485171322244,0.0019221867172514557,1907,5784,3877,1.0272465650619740374784413168,662.5252461234448,661.7980942791608,0,1,
120,10:00:00,20221230,181764593,661.2,661.13,-0.07000000000005002,-0.00010586811857236845,0.0019071758197417112,5784,3637,-2147,1.0218246629033854290734150480,662.2461968987559,661.7646895652027,0,0,
121,10:10:00,20221230,181764593,661.13,661,-0.12999999999999545,-0.00019663303737539584,0.001893154977263299,3637,1929,-1708,1.0172983772802596931139005623,661.9969575190048,661.7264550869426,0,0,
122,10:20:00,20221230,181764593,661,662,1,0.0015128593040847202,0.0018900631425220096,1929,2400,471,1.0110127641533873469890002846,661.9975660152038,661.7401323325954,0,0,
123,10:30:00,20221230,181764593,662,660.59,-1.4099999999999682,-0.002129909365558864,0.0018919973862561777,2400,800,-1600,1.0082357794962363737605943683,661.7160528121631,661.6826257159656,0,0,
124,10:40:00,20221230,181764593,660.59,660.79,0.1999999999999318,0.00030275965424837156,0.0018792834844001153,800,1900,1100,1.0111698932602664827705096134,661.5308422497304,661.6379944301673,-1,0,
125,10:50:00,20221230,181764593,660.79,657.46,-3.3299999999999272,-0.005039422509420432,0.0019043639528526575,1900,1980,80,1.0034789041324698816123476741,660.7166737997843,661.429094708659,0,0,
126,11:00:00,20221230,181764593,657.46,657.8,0.33999999999991815,0.0005171417272532445,0.0018934409432022684,1980,1800,-180,0.9962933150519708345846198112,660.1333390398274,661.247639973226,0,0,
127,11:10:00,20221230,181764593,657.8,655.42,-2.3799999999999955,-0.0036181210094253504,0.0019069150062196363,1800,1700,-100,0.9889438013059050902172052467,659.1906712318619,660.9562579745647,0,0,
128,11:20:00,20221230,181764593,655.42,654.79,-0.6299999999999955,-0.0009612157090110089,0.0018995840039156935,1700,1209,-491,0.9835165123764931492533691823,658.3105369854894,660.6479450758364,0,0,
129,11:30:00,20221230,181764593,654.79,656.11,1.32000000000005,0.0020159134989844838,0.0019004788461854535,1209,1501,292,0.9778088616577606925666775532,657.8704295883915,660.4210478220447,0,0,
130,11:40:00,20221230,181764593,656.11,655.18,-0.9300000000000637,-0.001417445245461986,0.0018967915667906178,1501,1400,-101,0.9708583243500711685366793179,657.3323436707133,660.1589954309425,0,0,
131,11:50:00,20221230,181764593,655.18,654.62,-0.5599999999999454,-0.0008547269452668663,0.0018888971378396803,1400,800,-600,0.9667500902911420579525269854,656.7898749365706,659.8820456593953,0,0,
132,12:00:00,20221230,181764593,654.62,653.81,-0.8100000000000591,-0.0012373590785494776,0.001883998355439002,800,1200,400,0.9632406911160206890957410682,656.1938999492565,659.5784433764256,0,0,
133,12:10:00,20221230,181764593,653.81,654.33,0.5200000000000955,0.0007953380951654082,0.0018758740251384528,1200,1643,443,0.9588073028738613307194046921,655.8211199594052,659.3160212076043,0,0,
134,12:20:00,20221230,181764593,654.33,654.37,0.03999999999996362,6.113123347540785E-05,0.0018624314859409488,1643,1182,-461,0.9537834287564079181887043837,655.5308959675242,659.068720147224,0,0,
135,12:30:00,20221230,181764593,654.37,655.32,0.9500000000000455,0.0014517780460596382,0.0018594119753535864,1182,3750,2568,0.9627452331956057250010672247,655.4887167740194,658.8812841398627,0,1,
136,12:40:00,20221230,181764593,655.32,656.11,0.7899999999999636,0.0012055179149117433,0.0018546390260072954,3750,589,-3161,0.9618706937805526418502078532,655.6129734192155,658.7427199328696,0,0,
137,12:50:00,20221230,181764593,656.11,655.68,-0.43000000000006366,-0.0006553779091921533,0.0018459487280593596,589,2000,1411,0.9722599332353305077239588383,655.6263787353723,658.5895839362261,0,1,
138,13:00:00,20221230,181764593,655.68,655.41,-0.2699999999999818,-0.00041178623718884493,0.0018356310122977012,2000,1000,-1000,0.9688623797588173386036425877,655.5831029882978,658.4306047394148,0,0,
139,13:10:00,20221230,181764593,655.41,654.32,-1.0899999999999181,-0.00166308112479199,0.0018343985131012317,1000,1322,322,0.9642419341891115004707594264,655.3304823906383,658.225074502444,0,0,
140,13:20:00,20221230,181764593,654.32,651.4,-2.9200000000000728,-0.0044626482455068965,0.0018530385821253854,1322,4249,2927,0.9731059601276850919363963618,654.5443859125106,657.883820777322,0,1,
141,13:30:00,20221230,181764593,651.4,652.83,1.4300000000000637,0.0021952717224440646,0.001855448674662841,4249,1594,-2655,0.9706534738349989355323414754,654.2015087300085,657.6311297384558,0,0,
142,13:40:00,20221230,181764593,652.83,652.54,-0.2900000000000773,-0.00044421978156652925,0.001845579941144685,1594,1807,213,0.9648001355415164342678156210,653.8692069840067,657.3765732515329,0,0,
143,13:50:00,20221230,181764593,652.54,651.75,-0.7899999999999636,-0.0012106537530265787,0.0018411707315049758,1807,1595,-212,0.9589148674293772218042405471,653.4453655872054,657.0952445889562,0,0,
144,14:00:00,20221230,181764593,651.75,650.99,-0.7599999999999909,-0.0011660912926735572,0.0018365150112371728,1595,1354,-241,0.9533437109552669346189513301,652.9542924697643,656.7899823595084,0,0,
145,14:10:00,20221230,181764593,650.99,649.44,-1.5499999999999545,-0.0023809889552834215,0.0018402442848265306,1354,1590,236,0.9480077839979338604729705724,652.2514339758114,656.422483241533,0,0,
146,14:20:00,20221230,181764593,649.44,649.61,0.16999999999995907,0.00026176398127611335,0.0018295063235778883,1590,1210,-380,0.9431845590094569219620732840,651.7231471806492,656.0818590794563,0,0,
147,14:30:00,20221230,181764593,649.61,650.89,1.2799999999999727,0.001970413017040952,0.0018304583958310171,1210,2300,1090,0.9428983555450754004321754245,651.5565177445194,655.8222661254835,0,0,
148,14:40:00,20221230,181764593,650.89,649.65,-1.240000000000009,-0.0019050838083240012,0.001830959237525601,2300,1906,-394,0.9377198722717935987951926306,651.1752141956156,655.5136528192093,0,0,
149,14:50:00,20221230,181764593,649.65,649.99,0.34000000000003183,0.00052335873162477,0.0018222419008195954,1906,1700,-206,0.9321889381110729321309616507,650.9381713564924,655.2374701782488,0,0,
150,15:00:00,20221230,181764593,649.99,650.75,0.7599999999999909,0.001169248757673181,0.0018179174429179634,1700,1210,-490,0.9279243444422422972083958743,650.9005370851938,655.0130966693364,0,0,
151,15:10:00,20221230,181764593,650.75,652.4,1.6499999999999773,0.0025355359200921663,0.001822638617109899,1210,3623,2413,0.9349394137290239784849174108,651.200429668155,654.8824418358696,0,1,
152,15:20:00,20221230,181764593,652.4,652.42,0.01999999999998181,3.065603923970235E-05,0.0018109263126793748,3623,1305,-2318,0.9330104062514880219796364160,651.444343734524,654.7593197440762,0,0,
153,15:30:00,20221230,181764593,652.42,652.86,0.44000000000005457,0.0006744121884676353,0.001803546350833844,1305,2537,1232,0.9330821653192185694808384585,651.7274749876192,654.6643537568724,0,0,
154,15:40:00,20221230,181764593,652.86,654.32,1.4600000000000364,0.0022363140642711094,0.0018063384005979554,2537,3417,880,0.9293001279791678173586395516,652.2459799900954,654.6471360690288,0,0,
155,15:50:00,20221230,181764593,654.32,655.01,0.6899999999999409,0.0010545298936299376,0.0018015191152968783,3417,10097,6680,0.9358746863012361776088318943,652.7987839920763,654.6652792655773,0,1,
156,09:30:00,20230103,181764593,655.01,666.35,11.340000000000032,0.017312712783010994,0.0019003165271931465,10097,12379,2282,0.9313532406882783136754087891,655.509027193661,655.2495153022984,1,0,
157,09:40:00,20230103,181764593,666.35,663.22,-3.1299999999999955,-0.004697231184812779,0.0019180185186970682,12379,5610,-6769,0.9289194426542045826195537399,657.0512217549289,655.6480395371834,0,0,
158,09:50:00,20230103,181764593,663.22,664.08,0.8600000000000136,0.0012967039594704828,0.0019141108799597942,5610,4345,-1265,0.9244953593424072668329466070,658.4569774039431,656.0696375603242,0,0,
159,10:00:00,20230103,181764593,664.08,663.65,-0.43000000000006366,-0.0006475123479099862,0.001906194639134483,4345,1815,-2530,0.9223565038528463353392913236,659.4955819231545,656.448655682308,0,0,
160,10:10:00,20230103,181764593,663.65,658.72,-4.92999999999995,-0.0074286144805242975,0.0019404953834909415,1815,3202,1387,0.9213740866104292243126814174,659.3404655385236,656.5622228981925,0,0,
161,10:20:00,20230103,181764593,658.72,659.54,0.8199999999999363,0.001244838474617343,0.0019362012050411043,3202,3513,311,0.9162861403705664179334716529,659.380372430819,656.7111117532829,0,0,
162,10:30:00,20230103,181764593,659.54,659.27,-0.2699999999999818,-0.00040937623191918886,0.0019268341806661232,3513,883,-2630,0.9152576847812097954214692815,659.3582979446551,656.8390561656187,0,0,
163,10:40:00,20230103,181764593,659.27,661.82,2.550000000000068,0.003867914511505253,0.0019386700363419715,883,2519,1636,0.9209742515321571737509091251,659.8506383557241,657.0881033573378,0,1,
164,10:50:00,20230103,181764593,661.82,661.46,-0.36000000000001364,-0.0005439545495754338,0.001930217215210053,2519,1308,-1211,0.9183062035101919785178836578,660.1725106845793,657.3066981894709,0,0,
165,11:00:00,20230103,181764593,661.46,661.75,0.2899999999999636,0.0004384240921597128,0.001921230509649509,1308,1900,592,0.9155007407684390442675732795,660.4880085476634,657.5288632799974,0,0,
166,11:10:00,20230103,181764593,661.75,657.13,-4.6200000000000045,-0.00698148847752173,0.0019515314555649114,1900,600,-1300,0.9141157694244112025275531433,659.8164068381307,657.5089201159975,0,0,
167,11:20:00,20230103,181764593,657.13,656.93,-0.20000000000004547,-0.00030435378083491164,0.0019417268265486613,600,2113,1513,0.9236845247651389136236192952,659.2391254705045,657.4799741101976,0,1,
168,11:30:00,20230103,181764593,656.93,655.85,-1.0799999999999272,-0.0016440107774038746,0.001939965193121769,2113,500,-1613,0.9227359158414326418697633189,658.5613003764036,657.3984754046878,0,0,
169,11:40:00,20230103,181764593,655.85,657.81,1.9599999999999227,0.0029884882213919686,0.0019461329756410056,500,2374,1874,0.9393551163364830380940588288,658.4110403011229,657.4190516344534,0,1,
170,11:50:00,20230103,181764593,657.81,657.78,-0.029999999999972715,-4.5605874036534434E-05,0.0019350187820643713,2374,2583,209,0.9343766482189554100070457789,658.2848322408984,657.4370990527307,0,0,
171,12:00:00,20230103,181764593,657.78,657.76,-0.01999999999998181,-3.0405302684760575E-05,0.0019239454478819317,2583,3700,1117,0.9314584287284820064830017179,658.1798657927187,657.4532441000941,0,0,
172,12:10:00,20230103,181764593,657.76,658.2,0.44000000000005457,0.0006689369982973342,0.0019166910637802865,3700,1101,-2599,0.9301345790389094655925359995,658.183892634175,657.4905818950893,0,0,
173,12:20:00,20230103,181764593,658.2,657.87,-0.3300000000000409,-0.0005013673655424504,0.0019085570195375404,1101,2209,1108,0.9305726438518703093311572000,658.12111410734,657.5095528003349,0,0,
174,12:30:00,20230103,181764593,657.87,659.25,1.3799999999999955,0.0020976788727256074,0.001909637715841472,2209,1600,-609,0.9268304593591618271134438811,658.346891285872,657.5965751603181,0,0,
175,12:40:00,20230103,181764593,659.25,656.41,-2.840000000000032,-0.0043079256731134346,0.0019232643519623354,1600,2612,1012,0.9251581272037120440048447681,657.9595130286975,657.5372464023022,0,0,
176,12:50:00,20230103,181764593,656.41,656.5,0.09000000000003183,0.00013710942855841904,0.001913173081208641,2612,3000,388,0.9207704834122236162811257863,657.667610422958,657.4853840821871,0,0,
177,13:00:00,20230103,181764593,656.5,655.32,-1.17999999999995,-0.0017974105102817211,0.0019125227296865797,3000,400,-2600,0.9204665293855631839799209598,657.1980883383665,657.3771148780777,-1,0,
178,13:10:00,20230103,181764593,655.32,655.23,-0.09000000000003183,-0.0001373374839773421,0.0019026054936770308,400,200,-200,0.9181175543610628309967929097,656.8044706706933,657.2697591341738,0,0,
179,13:20:00,20230103,181764593,655.23,660.98,5.75,0.00877554446530226,0.0019407884879638377,200,3369,3169,1.0010446790590569263801440602,657.6395765365546,657.4552711774651,1,1,BUY
180,13:30:00,20230103,181764593,660.98,659.12,-1.8600000000000136,-0.0028140034494236036,0.0019456128800161016,3369,511,-2858,1.0002009125697467505898711866,657.9356612292438,657.5385076185919,0,0,
181,13:40:00,20230103,181764593,659.12,657,-2.1200000000000045,-0.00321640975846584,0.0019525952804471441,511,500,-11,0.9948235801863233770113306802,657.748528983395,657.5115822376623,0,0,
182,13:50:00,20230103,181764593,657,659.18,2.17999999999995,0.0033181126331810504,0.0019600571239047067,500,500,0,0.9893873857590757082844928076,658.034823186716,657.5950031257792,0,0,
183,14:00:00,20230103,181764593,659.18,657.97,-1.2099999999999227,-0.0018356139445977165,0.0019593808022780384,500,300,-200,0.9861841934451676881307727380,658.0218585493728,657.6137529694902,0,0,
184,14:10:00,20230103,181764593,657.97,656.98,-0.9900000000000091,-0.0015046278705716204,0.0019569226783228686,300,1100,800,0.9952678824896082231498856782,657.8134868394982,657.5820653210158,0,1,
185,14:20:00,20230103,181764593,656.98,656,-0.9800000000000182,-0.0014916740235623887,0.0019544213414693177,1100,1664,564,0.9926735781360472796236643964,657.4507894715985,657.5029620549649,-1,0,
186,14:30:00,20230103,181764593,656,654.02,-1.9800000000000182,-0.003018292682926857,0.0019601104930279142,1664,1700,36,0.9874808564101037935541014029,656.7646315772787,657.3288139522167,0,0,
187,14:40:00,20230103,181764593,654.02,658.1,4.080000000000041,0.006238341335127429,0.0019828670400603584,1700,4800,3100,0.9919279231939048684945207634,657.0317052618229,657.3673732546058,0,1,
188,14:50:00,20230103,181764593,658.1,658.4,0.2999999999999545,0.00045585777237494986,0.001974787625945621,4800,739,-4061,0.9911560382387342959980770909,657.3053642094583,657.4190045918755,0,0,
189,15:00:00,20230103,181764593,658.4,658.88,0.4800000000000182,0.000729040097205374,0.0019682310600048825,739,980,241,0.9876558294768339709162269451,657.6202913675666,657.4920543622817,1,0,
190,15:10:00,20230103,181764593,658.88,660.98,2.1000000000000227,0.0031872268091306805,0.001974613236701876,980,7800,6820,1.0189203731626588598386657612,658.2922330940532,657.6664516441676,0,1,
191,15:20:00,20230103,181764593,660.98,662.18,1.1999999999999318,0.0018154860964022085,0.001973784449512815,7800,7787,-13,1.0136221767746589004992282659,659.0697864752426,657.8921290619593,0,0,
192,15:30:00,20230103,181764593,662.18,663.68,1.5,0.0022652450995197682,0.001975294608321141,7787,3127,-4660,1.0114709389999006054144965784,659.991829180194,658.1815226088613,0,0,
193,15:40:00,20230103,181764593,663.68,662.57,-1.1099999999999,-0.001672492767598692,0.001973733774090613,3127,4000,873,1.0076962502625437481237710868,660.5074633441552,658.4009464784183,0,0,
194,15:50:00,20230103,181764593,662.57,662.03,-0.5400000000000773,-0.0008150082255460967,0.0019677915917903845,4000,12865,8865,1.0138939617996589083898030299,660.8119706753241,658.5823991544974,0,1,
195,09:30:00,20230104,181764593,662.03,673.9,11.870000000000005,0.017929701070948455,0.0020492299054595585,12865,8405,-4460,1.0104897937838619700678113835,663.4295765402593,659.3482791967725,0,0,
196,09:40:00,20230104,181764593,673.9,674.99,1.0900000000000318,0.0016174506603354086,0.0020470381326416695,8405,5745,-2660,1.0069668927328478831794653998,665.7416612322074,660.1303652369339,0,0,
197,09:50:00,20230104,181764593,674.99,677.83,2.840000000000032,0.004207469740292496,0.0020579494033873807,5745,2650,-3095,1.0046020565566822133489882798,668.159328985766,661.0153469750871,0,0,
198,10:00:00,20230104,181764593,677.83,676.45,-1.3799999999999955,-0.0020359087086732593,0.0020578386461275106,2650,3800,1150,1.0017345199114272444187240929,669.8174631886129,661.7870796263328,0,0,
199,10:10:00,20230104,181764593,676.45,676.22,-0.2300000000000182,-0.00034001034814105723,0.002049249504637578,3800,9915,6115,1.0047718999434490555650515251,671.0979705508904,662.5087256450162,0,1,
200,10:20:00,20230104,181764593,676.22,676.31,0.08999999999991815,0.00013309278045594354,0.002039716386606824,9915,4196,-5719,1.0026427005606658975347654939,672.1403764407123,663.1987893627654,0,0,
201,10:30:00,20230104,181764593,676.31,676.14,-0.16999999999995907,-0.00025136401945847185,0.0020308631570664856,4196,8037,3841,1.0022107842948769871792455315,672.9403011525699,663.8458498946271,0,0,
202,10:40:00,20230104,181764593,676.14,681.49,5.350000000000023,0.007912562487058928,0.0020598370453915717,8037,7557,-480,0.9975679911580989168224047892,674.6502409220559,664.7280573998958,0,0,
203,10:50:00,20230104,181764593,681.49,682.49,1,0.0014673729621857987,0.0020569328096895828,7557,11459,3902,0.9952090424952686143665419526,676.2181927376448,665.616154529901,0,0,
204,11:00:00,20230104,181764593,682.49,682.28,-0.21000000000003638,-0.00030769681607061846,0.0020483999511841243,11459,4925,-6534,0.9931358609432439908191646842,677.4305541901159,666.449346803406,0,0,
205,11:10:00,20230104,181764593,682.28,680.5,-1.7799999999999727,-0.0026088995720231762,0.002051120823129945,4925,4419,-506,0.9888135563597878017158337630,678.0444433520928,667.1518794632357,0,0,
206,11:20:00,20230104,181764593,680.5,679.53,-0.9700000000000273,-0.0014254224834680783,0.0020480981258368925,4419,6306,1887,0.9860995763180117836911399240,678.3415546816743,667.7707854900739,0,0,
207,11:30:00,20230104,181764593,679.53,684.18,4.649999999999977,0.006842964990508112,0.002071150370378581,6306,2000,-4306,0.9846416059416140136278635508,679.5092437453395,668.5912462155701,0,0,
208,11:40:00,20230104,181764593,684.18,686.38,2.2000000000000455,0.0032155280774065972,0.0020766258617997677,2000,1300,-700,0.9816050432337594011224670745,680.8833949962716,669.4806839047916,0,0,
209,11:50:00,20230104,181764593,686.38,688.15,1.7699999999999818,0.0025787464669716218,0.002079016912300586,1300,3940,2640,0.9866010631744045028753637514,682.3367159970172,670.414149709552,0,1,
210,12:00:00,20230104,181764593,688.15,688.56,0.40999999999996817,0.0005958003342294095,0.0020719874498452725,3940,2200,-1740,0.9840182352232567730159453027,683.5813727976138,671.3214422240744,0,0,
211,12:10:00,20230104,181764593,688.56,687.33,-1.2299999999999045,-0.0017863367026837234,0.002070640040660548,2200,1300,-900,0.9813063138735758877229884424,684.331098238091,672.1218701128706,0,0,
212,12:20:00,20230104,181764593,687.33,688.28,0.9499999999999318,0.0013821599522790098,0.0020674077397761278,1300,1200,-100,0.9770603831836674418795796848,685.1208785904728,672.929776607227,0,0,
213,12:30:00,20230104,181764593,688.28,687.58,-0.6999999999999318,-0.001017027953739658,0.002062499423018948,1200,3301,2101,0.9806761446329649460452514308,685.6127028723783,673.6622877768657,0,1,
214,12:40:00,20230104,181764593,687.58,688.49,0.9099999999999682,0.0013234823584164289,0.002059062134346378,3301,2600,-701,0.9771025806623099404628762873,686.1881622979026,674.4036733880224,0,0,
215,12:50:00,20230104,181764593,688.49,687.1,-1.3899999999999864,-0.00201891095005009,0.0020588762492338955,2600,800,-1800,0.9757840858088163403111606920,686.3705298383222,675.0384897186213,0,0,
216,13:00:00,20230104,181764593,687.1,686.7,-0.39999999999997726,-0.0005821568912821674,0.0020520710909023208,800,2300,1500,0.9799279379479462189272382925,686.4364238706578,675.6215652326903,0,1,
217,13:10:00,20230104,181764593,686.7,687.82,1.1200000000000045,0.0016309887869520963,0.002050139520700714,2300,2805,505,0.9764400355600717149313614515,686.7131390965262,676.2314869710557,0,0,
218,13:20:00,20230104,181764593,687.82,686.17,-1.650000000000091,-0.0023988834288041798,0.0020517319586372596,2805,2433,-372,0.9725869775020604969328713631,686.604511277221,676.7284126225029,0,0,
219,13:30:00,20230104,181764593,686.17,686.34,0.17000000000007276,0.00024775201480693233,0.0020435320498016674,2433,2764,331,0.9687845186666113447656298804,686.5516090217768,677.2089919913777,0,0,
220,13:40:00,20230104,181764593,686.34,684.11,-2.230000000000018,-0.0032491185126905294,0.00204898719216768,2764,2420,-344,0.9649640335515991423752778413,686.0632872174215,677.5540423918088,0,0,
221,13:50:00,20230104,181764593,684.11,683,-1.1100000000000136,-0.0016225460817704954,0.00204706628626499,2420,3800,1380,0.9631860331026473332684574773,685.4506297739372,677.8263402722183,0,0,
222,14:00:00,20230104,181764593,683,680.2,-2.7999999999999545,-0.004099560761346932,0.002056270297364012,3800,7483,3683,0.9632130487672802576649406748,684.4005038191497,677.9450232586074,0,0,
223,14:10:00,20230104,181764593,680.2,683.18,2.9799999999999045,0.004381064392825499,0.0020666488424330364,7483,3862,-3621,0.9610732442318060648707340737,684.1564030553197,678.206772095677,0,0,
224,14:20:00,20230104,181764593,683.18,677.59,-5.589999999999918,-0.008182323838519743,0.002093829620193422,3862,2700,-1162,0.9581390536923927096460021846,682.8431224442559,678.1759334908932,0,0,
225,14:30:00,20230104,181764593,677.59,679.64,2.0499999999999545,0.003025428356380635,0.0020979517384951355,2700,1800,-900,0.9553744266111579336446186941,682.2024979554047,678.2491368163485,0,0,
226,14:40:00,20230104,181764593,679.64,678.96,-0.67999999999995,-0.0010005296921899093,0.002093117280141368,1800,1400,-400,0.9521446812173740758850486656,681.5539983643238,678.284679975531,0,0,
227,14:50:00,20230104,181764593,678.96,681.48,2.519999999999982,0.003711558854718955,0.0021002157081000416,1400,2599,1199,0.9517248737183003800634977003,681.539198691459,678.4444459767544,0,0,
228,15:00:00,20230104,181764593,681.48,682.18,0.6999999999999318,0.001027176146035,0.0020955299458202815,2599,2917,318,0.9481031701292581339060319795,681.6673589531672,678.6312236779168,0,0,
229,15:10:00,20230104,181764593,682.18,681.43,-0.75,-0.0010994165762701928,0.0020911990181265855,2917,4407,1490,0.9462018466324149716687663324,681.6198871625338,678.7711624940209,0,0,
230,15:20:00,20230104,181764593,681.43,679.25,-2.17999999999995,-0.003199154718753137,0.0020959953631509427,4407,4500,93,0.9421970888158863156835084701,681.145909730027,678.7951043693198,0,0,
231,15:30:00,20230104,181764593,679.25,676.57,-2.67999999999995,-0.003945528156054398,0.0021039674872582854,4500,4800,300,0.9384232507893810585756772554,680.2307277840216,678.6838491508538,0,0,
232,15:40:00,20230104,181764593,676.57,677.09,0.5199999999999818,0.0007685827039330472,0.0020982362220937994,4800,7545,2745,0.9368500823310575347191292843,679.6025822272173,678.6041566933111,0,0,
233,15:50:00,20230104,181764593,677.09,680.16,3.0699999999999363,0.004534109202616988,0.002108645935685779,7545,16245,8700,0.9377741482652598257595217837,679.7140657817738,678.6819488586456,0,0,
234,09:30:00,20230105,181764593,680.16,668.86,-11.299999999999955,-0.016613737944013107,0.0021703697314658954,16245,5241,-11004,0.9366660780797181806393961984,677.543252625419,678.1908514157133,-1,0,
235,09:40:00,20230105,181764593,668.86,664.67,-4.190000000000055,-0.006264390156385573,0.002187717275639284,5241,5738,497,0.9330989727957480793643038888,674.9686021003351,677.5148088449276,0,0,
236,09:50:00,20230105,181764593,664.67,664.36,-0.30999999999994543,-0.0004663968585913994,0.0021804543202930903,5738,2205,-3533,0.9317598200117306528073268803,672.8468816802681,676.8570684026812,0,0,
237,10:00:00,20230105,181764593,664.36,668.21,3.8500000000000227,0.005795050876031101,0.0021956417007793845,2205,1454,-751,0.9292759113947107665872385483,671.9195053442145,676.4247149825471,0,0,
238,10:10:00,20230105,181764593,668.21,665.17,-3.0400000000000773,-0.00454946798162266,0.0022054903463059254,1454,1500,46,0.9255200994801886879623576978,670.5696042753716,675.8619792334198,0,0,
239,10:20:00,20230105,181764593,665.17,663.1,-2.0699999999999363,-0.003111986409489208,0.0022092674132358557,1500,2400,900,0.9241637657323545684291812074,669.0756834202973,675.2238802717487,0,0,
240,10:30:00,20230105,181764593,663.1,662.86,-0.2400000000000091,-0.00036193635952346415,0.0022016021391540615,2400,6599,4199,0.9275887431912797915200698054,667.8325467362379,674.6056862581613,0,1,
241,10:40:00,20230105,181764593,662.86,662.9,0.03999999999996362,6.03445674802577E-05,0.0021927539673702854,6599,3773,-2826,0.9255253463353078402575814114,666.8460373889902,674.0204019452532,0,0,
242,10:50:00,20230105,181764593,662.9,660.6,-2.2999999999999545,-0.0034696032584099483,0.0021980084912017243,3773,2987,-786,0.9225738934283927586769638170,665.5968299111922,673.3493818479905,0,0,
243,11:00:00,20230105,181764593,660.6,660.85,0.25,0.00037844383893430214,0.0021905512590203002,2987,3344,357,0.9192826803854380297557806422,664.6474639289538,672.724412755591,0,0,
244,11:10:00,20230105,181764593,660.85,662.6,1.75,0.0026481047136263903,0.0021924188241411414,3344,4365,1021,0.9167767223696083930363399986,664.237971143163,672.2181921178114,0,0,
245,11:20:00,20230105,181764593,662.6,661.08,-1.5199999999999818,-0.0022939933594928793,0.0021928317287563926,4365,1607,-2758,0.9156184601459488873270266095,663.6063769145304,671.6612825119208,0,0,
246,11:30:00,20230105,181764593,661.08,662.63,1.5499999999999545,0.0023446481515095817,0.0021934463701440573,1607,700,-907,0.9141965462382864593816395711,663.4111015316244,671.2097183863248,0,0,
247,11:40:00,20230105,181764593,662.63,663.86,1.2300000000000182,0.001856239530356335,0.0021920866651449133,700,720,20,0.9106254772154362259624739738,663.5008812252995,670.8422324670086,0,0,
248,11:50:00,20230105,181764593,663.86,661.86,-2,-0.0030126833971017984,0.0021953822343495594,720,2200,1480,0.9152235899798543758805184781,663.1727049802396,670.393120843658,0,1,
249,12:00:00,20230105,181764593,661.86,663.1,1.240000000000009,0.0018735079926268533,0.0021940947373826685,2200,1620,-580,0.9126172410744804129224509496,663.1581639841917,670.0284648014751,0,0,
250,12:10:00,20230105,181764593,663.1,662.01,-1.0900000000000318,-0.0016437942995023854,0.0021919023053592413,1620,1400,-220,0.9095223615050036083655320314,662.9285311873534,669.6275415614014,0,0,
251,12:20:00,20230105,181764593,662.01,661.47,-0.5399999999999636,-0.0008156976480717265,0.0021864411757668307,1400,1257,-143,0.9063184745829315985817685823,662.6368249498827,669.2196644833313,0,0,
252,12:30:00,20230105,181764593,661.47,662.6,1.1299999999999955,0.0017083163257592868,0.0021845513542252987,1257,1600,343,0.9038147332496525226106305659,662.6294599599062,668.8886812591647,0,0,
253,12:40:00,20230105,181764593,662.6,661.96,-0.6399999999999864,-0.000965891940839098,0.0021797534825190538,1600,532,-1068,0.9028843602841027095294863511,662.4955679679249,668.5422471962065,0,0,
254,12:50:00,20230105,181764593,661.96,661.91,-0.05000000000006821,-7.553326484994292E-05,0.0021715016385281945,532,400,-132,0.9003166580898586977244613862,662.37845437434,668.2106348363963,0,0,
255,13:00:00,20230105,181764593,661.91,662.55,0.6399999999999864,0.0009668988231028182,0.0021667961587804392,400,2300,1900,0.9153544836441951871864752089,662.412763499472,667.9276030945764,0,1,
256,13:10:00,20230105,181764593,662.55,661.97,-0.5799999999999272,-0.0008754056297636816,0.0021617712929087787,2300,1900,-400,0.9124694974956896061840578633,662.3242107995776,667.6297229398476,0,0,
257,13:20:00,20230105,181764593,661.97,666.09,4.1200000000000045,0.0062238470021300125,0.0021775157724018843,1900,2100,200,0.9093407907530502543853028451,663.0773686396622,667.5527367928552,0,0,
258,13:30:00,20230105,181764593,666.09,665.69,-0.39999999999997726,-0.0006005194493236308,0.00217142698350969,2100,1600,-500,0.9067491090825567711453522366,663.5998949117297,667.4595999532124,0,0,
259,13:40:00,20230105,181764593,665.69,664.19,-1.5,-0.0022533010860911235,0.002171741883904234,1600,1155,-445,0.9043313240476238604871008818,663.7179159293837,667.2961199555518,0,0,
260,13:50:00,20230105,181764593,664.19,665.91,1.7199999999999136,0.0025896204399342257,0.0021733429511687167,1155,3459,2304,0.9085093848551241323059043466,664.1563327435069,667.2268139577742,0,1,
261,14:00:00,20230105,181764593,665.91,665.75,-0.15999999999996817,-0.00024027270952526345,0.002165964820475421,3459,1300,-2159,0.9074241155805755221158192680,664.4750661948055,667.1529732598855,0,0,
262,14:10:00,20230105,181764593,665.75,661.9,-3.8500000000000227,-0.005782951558392824,0.002179717621760278,1300,6012,4712,0.9177556413183504616339515726,663.9600529558444,666.8903245968912,0,1,
263,14:20:00,20230105,181764593,661.9,664.04,2.1399999999999864,0.0032331167850128215,0.0021837077701059317,6012,2343,-3669,0.9165909587418330904575270751,663.9760423646755,666.7478083670467,0,0,
264,14:30:00,20230105,181764593,664.04,666.5,2.4600000000000364,0.0037045961086682073,0.002189446971383525,2343,2326,-17,0.9131595047659883583676536087,664.4808338917405,666.7354179486944,0,0,
265,14:40:00,20230105,181764593,666.5,667.63,1.1299999999999955,0.001695423855963984,0.0021875897416263087,2326,2145,-181,0.9100191156244667411449485836,665.1106671133925,666.7801470512596,0,0,
266,14:50:00,20230105,181764593,667.63,666,-1.6299999999999955,-0.002441472072854718,0.002188540611780722,2145,904,-1241,0.9087776761597862610461980450,665.2885336907141,666.7411396986967,0,0,
267,15:00:00,20230105,181764593,666,663.97,-2.0299999999999727,-0.0030480480480480072,0.0021917477290802267,904,700,-204,0.9062287434756607872812323740,665.0248269525713,666.6025827137618,0,0,
268,15:10:00,20230105,181764593,663.97,662.98,-0.9900000000000091,-0.0014910312212901321,0.002189142834999223,700,1300,600,0.9060462680617841938075368739,664.615861562057,666.4214535780736,0,0,
269,15:20:00,20230105,181764593,662.98,661.99,-0.9900000000000091,-0.0014932577151648755,0.00218656548270354,1300,1700,400,0.9038301422826379845427226348,664.0906892496456,666.19988089917,0,0,
270,15:30:00,20230105,181764593,661.99,661.75,-0.2400000000000091,-0.00036254324083446744,0.0021798347733239494,1700,2958,1258,0.9032256030122223462233767948,663.6225513997165,665.9773868542114,0,0,
271,15:40:00,20230105,181764593,661.75,661.86,0.11000000000001364,0.0001662259161314902,0.0021724317995842715,2958,3300,342,0.9003299892557715526375269204,663.2700411197732,665.7715175115009,0,0,
272,15:50:00,20230105,181764593,661.86,660.55,-1.3100000000000591,-0.0019792705405977987,0.0021717242491850535,3300,12731,9431,0.9075004976756360813047443265,662.7260328958185,665.5104416359259,0,1,
273,09:30:00,20230106,181764593,660.55,658.74,-1.8099999999999454,-0.002740140791764356,0.002173798762114175,12731,13010,279,0.9042684338542068889972465353,661.9288263166547,665.1719195541295,0,0,
274,09:40:00,20230106,181764593,658.74,655.98,-2.759999999999991,-0.0041898169232170365,0.0021811297372454582,13010,700,-12310,0.9044208949472281365338675464,660.7390610533238,664.712323576423,0,0,
275,09:50:00,20230106,181764593,655.98,653.98,-2,-0.003048873441263453,0.0021842737361730596,700,4585,3885,0.9212527032988686143000491857,659.3872488426591,664.1757073976019,0,1,
276,10:00:00,20230106,181764593,653.98,657.98,4,0.006116394996788893,0.002198469119785391,4585,8690,4105,0.9211590502041945573992576976,659.1057990741273,663.8659220277218,0,0,
277,10:10:00,20230106,181764593,657.98,664.87,6.889999999999986,0.01047144290100001,0.0022282280182789687,8690,4709,-3981,0.9194934161146206443164123079,660.2586392593018,663.9161259263358,0,0,
278,10:20:00,20230106,181764593,664.87,660.62,-4.25,-0.0063922270519048835,0.002243152745998058,4709,5480,771,0.9167845831877508368524117891,660.3309114074415,663.751319630019,0,0,
279,10:30:00,20230106,181764593,660.62,665.35,4.730000000000018,0.007159940661802576,0.002260712702840217,5480,2330,-3150,0.9155632722415380666582308607,661.3347291259531,663.8312536485181,0,0,
280,10:40:00,20230106,181764593,665.35,667.47,2.1200000000000045,0.003186292928533861,0.0022640065826469557,2330,5923,3593,0.9177927982685678595571148619,662.5617833007625,664.0131909660922,0,1,
281,10:50:00,20230106,181764593,667.47,669.49,2.019999999999982,0.0030263532443405424,0.0022667099396033157,5923,1600,-4323,0.9171263933869220052350665472,663.94742664061,664.2870314177876,0,0,
282,11:00:00,20230106,181764593,669.49,668.89,-0.6000000000000227,-0.0008962045736307081,0.002261867164458536,1600,3828,2228,0.9188061587813145069833525311,664.935941312488,664.5171798468982,1,1,BUY
283,11:10:00,20230106,181764593,668.89,667.53,-1.3600000000000136,-0.002033219213921592,0.0022610620660411525,3828,1500,-2328,0.9177123007229980324400207123,665.4547530499904,664.6678208545533,0,0,
284,11:20:00,20230106,181764593,667.53,667.32,-0.2099999999999227,-0.00031459260257954354,0.0022542323486254975,1500,1200,-300,0.9151940119485313726770732712,665.8278024399922,664.8004298118256,0,0,
285,11:30:00,20230106,181764593,667.32,667.83,0.5099999999999909,0.0007642510339866793,0.002249022623749138,1200,6850,5650,0.9284567368484782326793678868,666.2282419519938,664.9519083212342,0,1,
286,11:40:00,20230106,181764593,667.83,667.54,-0.2900000000000773,-0.00043424224727861473,0.00224269934717607,6850,1849,-5001,0.9277655042904721410219739195,666.490593561595,665.0813129051725,0,0,
287,11:50:00,20230106,181764593,667.54,668.83,1.2900000000000773,0.0019324684663092509,0.0022416221566175045,1849,1400,-449,0.9253872697766337993719272919,666.958474849276,665.2687472599139,0,0,
288,12:00:00,20230106,181764593,668.83,668.89,0.05999999999994543,8.970889463682166E-05,0.0022341760899670525,1400,3735,2335,0.9279563696834867718901658035,667.3447798794208,665.4498098969182,0,1,
289,12:10:00,20230106,181764593,668.89,668.83,-0.05999999999994543,-8.970084767292893E-05,0.002226781347752245,3735,3100,-635,0.9253427731910639097814922409,667.6418239035368,665.6188194020723,0,0,
290,12:20:00,20230106,181764593,668.83,667.93,-0.900000000000091,-0.0013456334195536847,0.0022237533479989853,3100,2624,-476,0.9226905588058601650521688555,667.6994591228295,665.7343784319686,0,0,
291,12:30:00,20230106,181764593,667.93,667.52,-0.40999999999996817,-0.0006138367793031728,0.002218239935092493,2624,2995,371,0.9200148623548878741427853838,667.6635672982636,665.8236595103701,0,0,
292,12:40:00,20230106,181764593,667.52,667.87,0.35000000000002274,0.0005243288590604367,0.0022124586686213935,2995,400,-2595,0.9198320268978942622833636602,667.7048538386109,665.9259765348517,0,0,
293,12:50:00,20230106,181764593,667.87,667.46,-0.40999999999996817,-0.0006138919250751916,0.002207021366772597,400,3373,2973,0.9419839587791939416633522192,667.6558830708886,666.0026777081091,0,1,
294,13:00:00,20230106,181764593,667.46,669.58,2.1200000000000045,0.0031762202978455703,0.002210306786877929,3373,2175,-1198,0.9399947705667569709384727054,668.040706456711,666.1815438227037,0,0,
295,13:10:00,20230106,181764593,669.58,669.97,0.38999999999998636,0.0005824546730786259,0.002204807286493472,2175,948,-1227,0.9387249839467155040049666816,668.4265651653687,666.3709666315685,0,0,
296,13:20:00,20230106,181764593,669.97,670.43,0.4599999999999227,0.0006865979073688713,0.0021996954704021437,948,2900,1952,0.9424971952127461114230408537,668.827252132295,666.57391829999,0,1,
297,13:30:00,20230106,181764593,670.43,674.04,3.6100000000000136,0.005384603910922861,0.002210383082618656,2900,1000,-1900,0.9415330180938882501373120658,669.869801705836,666.9472223849906,0,0,
298,13:40:00,20230106,181764593,674.04,674.06,0.01999999999998181,2.9671829564983995E-05,0.002203089733946236,1000,3948,2948,0.9482436100066177208726387813,670.7078413646689,667.3028612657411,0,1,
299,13:50:00,20230106,181764593,674.06,672.68,-1.3799999999999955,-0.002047295492982814,0.002202570419809691,3948,5372,1424,0.9462850944947077860854003670,671.102273091735,667.571718202454,0,0,
300,14:00:00,20230106,181764593,672.68,673.85,1.1700000000000728,0.0017393114110722378,0.0022010313533354802,5372,2633,-2739,0.9448351970768022377970869202,671.651818473388,667.8856322923313,0,0,
301,14:10:00,20230106,181764593,673.85,674.05,0.1999999999999318,0.00029680195889282747,0.0021947259579896436,2633,2400,-233,0.9419996242858337855592903722,672.1314547787103,668.1938506777146,0,0,
302,14:20:00,20230106,181764593,674.05,671.84,-2.2099999999999227,-0.0032786885245900494,0.002198303392202846,2400,10729,8329,0.9503442349867606267510638913,672.0731638229684,668.3761581438289,0,1,
303,14:30:00,20230106,181764593,671.84,672.96,1.1200000000000045,0.0016670635865682372,0.0021965558928422058,10729,2805,-7924,0.9496475731794930162278103371,672.2505310583747,668.6053502366375,0,0,
304,14:40:00,20230106,181764593,672.96,672.4,-0.5600000000000591,-0.0008321445553971397,0.002192082413047304,2805,2800,-5,0.9465398189434759765030576905,672.2804248466998,668.7950827248056,0,0,
305,14:50:00,20230106,181764593,672.4,673.46,1.0600000000000591,0.0015764425936943176,0.002190070518212817,2800,3122,322,0.9438223685547718066452045608,672.5163398773599,669.0283285885654,0,0,
306,15:00:00,20230106,181764593,673.46,673.95,0.4900000000000091,0.0007275858996822514,0.0021853067246671147,3122,3114,-8,0.9407563753671717782866747528,672.803071901888,669.2744121591371,0,0,
307,15:10:00,20230106,181764593,673.95,673.33,-0.6200000000000045,-0.0009199495511536531,0.002181198422155707,3114,6290,3176,0.9410133679260247871974331364,672.9084575215104,669.4771915511803,0,0,
308,15:20:00,20230106,181764593,673.33,673.29,-0.04000000000007731,-5.940623468444493E-05,0.002174331780772305,6290,10753,4463,0.9402642597797121545646148990,672.9847660172084,669.6678319736213,0,0,
309,15:30:00,20230106,181764593,673.29,674.02,0.7300000000000182,0.0010842281929035308,0.002170815317585632,10753,5763,-4990,0.9387281058525526687502935231,673.1918128137667,669.8854403749403,0,0,
310,15:40:00,20230106,181764593,674.02,672.37,-1.6499999999999773,-0.002447998575709886,0.002171706582081208,5763,10265,4502,0.9382215535901556940201528923,673.0274502510133,670.0096683561934,0,0,
311,15:50:00,20230106,181764593,672.37,673.62,1.25,0.001859095438523432,0.0021707046232877537,10265,18285,8020,0.9377185859981380874534285023,673.1459602008106,670.1901849383838,0,0,
312,09:30:00,20230109,181764593,673.62,672.82,-0.7999999999999545,-0.0011876131943825221,0.002167563756102753,18285,7601,-10684,0.9365894661527060340971209893,673.0807681606484,670.3216756914646,0,0,
313,09:40:00,20230109,181764593,672.82,677.88,5.059999999999945,0.007520585000445803,0.0021846115944605332,7601,3800,-3801,0.9351992633331697517586538681,674.0406145285187,670.6995919068914,0,0,
314,09:50:00,20230109,181764593,677.88,682.38,4.5,0.006638343069569836,0.002198750424540245,3800,7978,4178,0.9357207694311931059301802802,675.708491622815,671.2836123115469,0,0,
315,10:00:00,20230109,181764593,682.38,683.42,1.0399999999999636,0.0015240774934786535,0.002196615383619164,7978,12101,4123,0.9343950587352753532340352729,677.250793298252,671.8904316959696,0,0,
316,10:10:00,20230109,181764593,683.42,681.9,-1.5199999999999818,-0.002224108161891636,0.0021967021116263328,12101,3291,-8810,0.9337440932662079411111262605,678.1806346386016,672.3909101111711,0,0,
317,10:20:00,20230109,181764593,681.9,685.62,3.7200000000000273,0.005455345358557013,0.002206949417434291,3291,4161,870,0.9316391034703867761518063729,679.6685077108814,673.0523646056125,0,0,
318,10:30:00,20230109,181764593,685.62,684.28,-1.3400000000000318,-0.0019544354015344242,0.002206157837447144,4161,3596,-565,0.9291442619772110193478312115,680.5908061687051,673.6137463753319,0,0,
319,10:40:00,20230109,181764593,684.28,685.31,1.0299999999999727,0.0015052317764657345,0.002203967443506577,3596,1100,-2496,0.9284097629104788422538597840,681.534644934964,674.1985590565653,0,0,
320,10:50:00,20230109,181764593,685.31,682.82,-2.4899999999998954,-0.003633392187477048,0.002208420480092155,1100,4000,2900,0.9337304914882145354668893910,681.7917159479712,674.629631103737,0,1,
321,11:00:00,20230109,181764593,682.82,683.23,0.40999999999996817,0.0006004510705602767,0.002203426786273733,4000,10816,6816,0.9361226328189964779033276227,682.0793727583768,675.0596495485502,0,1,
322,11:10:00,20230109,181764593,683.23,685.06,1.8299999999999272,0.0026784538149670347,0.002204897458189192,10816,5009,-5807,0.9348866178347253070244432296,682.6754982067014,675.5596670711227,0,0,
323,11:20:00,20230109,181764593,685.06,687.81,2.75,0.004014246927276443,0.002210481870130819,5009,2992,-2017,0.9332439899545798533701041041,683.7023985653611,676.1721837175666,0,0,
324,11:30:00,20230109,181764593,687.81,685.35,-2.4599999999999227,-0.003576569110655447,0.0022146852154862795,2992,8935,5943,0.9364841524207006854132104888,684.031918852289,676.6310745316882,0,1,
325,11:40:00,20230109,181764593,685.35,685.8,0.4499999999999318,0.0006565988181220278,0.0022099058093593953,8935,3853,-5082,0.9353562086475472835009103265,684.3855350818311,677.0895208051038,0,0,
326,11:50:00,20230109,181764593,685.8,685,-0.7999999999999545,-0.0011665208515601554,0.002206715029671936,3853,2987,-866,0.9331831313346476090875265718,684.5084280654648,677.4850447648486,0,0,
327,12:00:00,20230109,181764593,685,686.49,1.490000000000009,0.002175182481751838,0.0022066188938551063,2987,2476,-511,0.9308596298880368972137723749,684.9047424523719,677.9352925266062,0,0,
328,12:10:00,20230109,181764593,686.49,684.92,-1.57000000000005,-0.0022869961689173184,0.002206863201682043,2476,7074,4598,0.9336747296867086698081847515,684.9077939618976,678.2845279002759,0,1,
329,12:20:00,20230109,181764593,684.92,684.86,-0.05999999999994543,-8.760147170464497E-05,0.002200441196439687,7074,2191,-4883,0.9329371524564742744850539100,684.8982351695181,678.6133015052621,0,0,
330,12:30:00,20230109,181764593,684.86,685.78,0.9199999999999591,0.0013433402447214891,0.0021978517675825325,2191,5523,3332,0.9347130727607234135262609998,685.0745881356145,678.9716364299991,0,1,
331,12:40:00,20230109,181764593,685.78,684.88,-0.8999999999999773,-0.0013123742308028482,0.002195184666568136,5523,5203,-320,0.9320721885825891080191126129,685.0356705084915,679.2670546084992,0,0,
332,12:50:00,20230109,181764593,684.88,684.8,-0.08000000000004093,-0.0001168087840206181,0.0021889432975514766,5203,2100,-3103,0.9310641240522533458900663403,684.9885364067932,679.5437018780742,0,0,
333,13:00:00,20230109,181764593,684.8,682.91,-1.8899999999999864,-0.0027599299065420363,0.0021906528382969574,2100,1528,-572,0.9290920187478482531806720727,684.5728291254345,679.7120167841705,0,0,
334,13:10:00,20230109,181764593,682.91,683.52,0.6100000000000136,0.0008932362976087825,0.002186779953100873,1528,9073,7545,0.9410583924982453928797029648,684.3622633003476,679.9024159449621,0,1,
335,13:20:00,20230109,181764593,683.52,682.8,-0.7200000000000273,-0.0010533707865168938,0.002183406711533659,9073,3321,-5752,0.9401444357311969746104275817,684.0498106402781,680.047295147714,0,0,
336,13:30:00,20230109,181764593,682.8,681.99,-0.8099999999999454,-0.001186291739894472,0.002180447913398231,3321,5101,1780,0.9389451440453748882445701436,683.6378485122225,680.1444303903282,0,0,
337,13:40:00,20230109,181764593,681.99,680.38,-1.6100000000000136,-0.0023607384272496864,0.0021809813172853653,5101,2601,-2500,0.9376171997742228938537872989,682.986278809778,680.1562088708118,0,0,
338,13:50:00,20230109,181764593,680.38,680.61,0.2300000000000182,0.000338046385843232,0.0021755449310569223,2601,7519,4918,0.9404289815638309822485234955,682.5110230478224,680.1788984272712,0,1,
339,14:00:00,20230109,181764593,680.61,682.39,1.7799999999999727,0.0026153009800031924,0.0021768383312008818,7519,8900,1381,0.9382032140914752852473865138,682.4868184382578,680.2894535059077,0,0,
340,14:10:00,20230109,181764593,682.39,684.42,2.0299999999999727,0.0029748384354987218,0.0021791785074598198,8900,5301,-3599,0.9366377560515352114266010711,682.8734547506062,680.4959808306123,0,0,
341,14:20:00,20230109,181764593,684.42,684,-0.4199999999999591,-0.0006136582800034469,0.0021746009629350937,5301,5625,324,0.9340777642013661557393411299,683.0987638004849,680.6711817890817,0,0,
342,14:30:00,20230109,181764593,684,682.84,-1.1599999999999682,-0.0016959064327484914,0.0021732053520599143,5625,3218,-2407,0.9326020596734062284955270482,683.0470110403879,680.7796226996277,0,0,
343,14:40:00,20230109,181764593,682.84,682.42,-0.42000000000007276,-0.0006150782028001768,0.0021686759126725314,3218,2763,-455,0.9303020309215913813753142499,682.9216088323103,680.8616415646462,0,0,
344,14:50:00,20230109,181764593,682.42,680.3,-2.1200000000000045,-0.003106591248791074,0.0021713945078496865,2763,6178,3415,0.9311880406553544545034096374,682.3972870658483,680.833559486414,0,0,
345,15:00:00,20230109,181764593,680.3,681.75,1.4500000000000455,0.0021314126120829716,0.0021712789532376438,6178,6001,-177,0.9285795493487187605249993615,682.2678296526786,680.8793815120932,0,0,
346,15:10:00,20230109,181764593,681.75,681.88,0.12999999999999545,0.000190685735240184,0.0021655711918024925,6001,4022,-1979,0.9268538975358164626457743711,682.1902637221428,680.9294124364886,0,0,
347,15:20:00,20230109,181764593,681.88,682.85,0.9700000000000273,0.0014225376899161543,0.0021634360380614398,4022,4163,141,0.9242912633057706129421605513,682.3222109777143,681.0254418146642,0,0,
348,15:30:00,20230109,181764593,682.85,680.97,-1.8799999999999955,-0.002753166874130476,0.002165125811230692,4163,6885,2722,0.9235163754245094253469255369,682.0517687821714,681.022669723931,0,0,
349,15:40:00,20230109,181764593,680.97,681.27,0.2999999999999545,0.00044054804176388757,0.0021601984461750725,6885,9561,2676,0.9219882458489112315950784232,681.8954150257372,681.0350362377344,0,0,
350,15:50:00,20230109,181764593,681.27,681.36,0.09000000000003183,0.00013210621339561677,0.0021544204056258435,9561,24857,15296,0.9239194264974560111541070909,681.7883320205897,681.0512844258477,0,1,
351,09:30:00,20230110,181764593,681.36,683.55,2.189999999999941,0.0032141599154631045,0.002157431029233336,24857,7007,-17850,0.9233347337384600926743508808,682.1406656164718,681.1762202045553,0,0,
352,09:40:00,20230110,181764593,683.55,682.84,-0.7099999999999227,-0.0010386950479115246,0.0021542618054902147,7007,5800,-1207,0.9212070328358396900622445830,682.2805324931774,681.2594091943276,0,0,
353,09:50:00,20230110,181764593,682.84,688.26,5.419999999999959,0.007937437759943704,0.002170598460728784,5800,10517,4717,0.9209021425229389155627506133,683.4764259945418,681.6094387346113,0,0,
354,10:00:00,20230110,181764593,688.26,689.08,0.82000000000005,0.0011914102228809608,0.002167840184002452,10517,7299,-3218,0.9191699697073864301635315225,684.5971407956335,681.9829667978807,0,0,
355,10:10:00,20230110,181764593,689.08,691.44,2.3600000000000136,0.003424856330179389,0.002171371128233286,7299,5205,-2094,0.9173938984859576775893896066,685.9657126365069,682.4558184579868,0,0,
356,10:20:00,20230110,181764593,691.44,689.18,-2.2600000000001046,-0.003268541015851129,0.002174444433240619,5205,9377,4172,0.9170693693128024698399713447,686.6085701092055,682.7920275350874,0,0,
357,10:30:00,20230110,181764593,689.18,689.23,0.05000000000006821,7.254998694110133E-05,0.0021685732197034694,9377,10781,1404,0.9149259578287284134570084516,687.1328560873644,683.113926158333,0,0,
358,10:40:00,20230110,181764593,689.23,688.52,-0.7100000000000364,-0.0010301350782758098,0.00216540208281927,10781,11724,943,0.9126210629459917302987234340,687.4102848698915,683.3842298504164,0,0,
359,10:50:00,20230110,181764593,688.52,688.63,0.11000000000001364,0.00015976296984839024,0.0021598308630610174,11724,13256,1532,0.9104489825643484707347657798,687.6542278959132,683.6465183578956,0,0,
360,11:00:00,20230110,181764593,688.63,688.95,0.32000000000005,0.000464690762819003,0.0021551351841129786,13256,7600,-5656,0.9091088876357418452443047509,687.9133823167306,683.9116924400008,0,0,
361,11:10:00,20230110,181764593,688.95,689.79,0.8399999999999181,0.001219246679729905,0.0021525498567528042,7600,4400,-3200,0.9077606659339274958608151042,688.2887058533844,684.2056078180008,0,0,
362,11:20:00,20230110,181764593,689.79,688.06,-1.7300000000000182,-0.0025080096841067837,0.002153529084927333,4400,6400,2000,0.9065121391807912067412386038,688.2429646827075,684.3983274271008,0,0,
363,11:30:00,20230110,181764593,688.06,686.64,-1.419999999999959,-0.002063773508124232,0.0021532825036723793,6400,6560,160,0.9040904025346901319974439923,687.9223717461659,684.5104110557457,0,0,
364,11:40:00,20230110,181764593,686.64,688.04,1.3999999999999773,0.0020389141325876403,0.0021529691656694072,6560,5997,-563,0.9018485745023531927784733806,687.9458973969327,684.6868905029585,0,0,
365,11:50:00,20230110,181764593,688.04,689.21,1.1700000000000728,0.001700482530085566,0.0021517328633863914,5997,6341,344,0.8995412341740421282766903831,688.1987179175461,684.9130459778106,0,0,
366,12:00:00,20230110,181764593,689.21,691.37,2.159999999999968,0.0031340230118541055,0.0021544094033004724,6341,8739,2398,0.8981206144341212719081831536,688.8329743340369,685.2358936789201,0,0,
367,12:10:00,20230110,181764593,691.37,690.19,-1.17999999999995,-0.0017067561508308864,0.0021531929542448485,8739,6470,-2269,0.8963856146426008183083764362,689.1043794672295,685.483598994974,0,0,
368,12:20:00,20230110,181764593,690.19,687.88,-2.310000000000059,-0.003346904475579274,0.0021564279448175704,6470,6257,-213,0.8940456026101066185645283671,688.8595035737836,685.6034190452253,0,0,
369,12:30:00,20230110,181764593,687.88,689.79,1.9099999999999682,0.0027766470896086063,0.002158104212776465,6257,7400,1143,0.8921229804504793742187974219,689.0456028590269,685.8127480929641,0,0,
370,12:40:00,20230110,181764593,689.79,689.5,-0.2899999999999636,-0.000420417808318421,0.002153420421928869,7400,7966,566,0.8899244993346734634701928102,689.1364822872215,685.9971106883158,0,0,
371,12:50:00,20230110,181764593,689.5,690.18,0.67999999999995,0.000986221899927411,0.002150282791493381,7966,5137,-2829,0.8884868913280309826545477043,689.3451858297772,686.2062551539001,0,0,
372,13:00:00,20230110,181764593,690.18,690.95,0.7700000000000955,0.0011156509895970553,0.0021475089796920504,5137,4908,-229,0.8862244024713621039483122754,689.6661486638218,686.4434423962051,0,0,
373,13:10:00,20230110,181764593,690.95,689.84,-1.1100000000000136,-0.001606483826615549,0.002146062388373664,4908,5750,842,0.8843135261070450633389729905,689.7009189310575,686.6132702763948,0,0,
374,13:20:00,20230110,181764593,689.84,688.45,-1.3899999999999864,-0.0020149599907224665,0.0021457127819799276,5750,4631,-1119,0.8824743132258320736048516712,689.450735144846,686.705106762575,0,0,
375,13:30:00,20230110,181764593,688.45,690.26,1.8099999999999454,0.0026290943423632005,0.002146998371236266,4631,5020,389,0.8803507090317624891595638628,689.6125881158769,686.8828514244464,0,0,
376,13:40:00,20230110,181764593,690.26,690.8,0.5399999999999636,0.0007823139107002631,0.002143378518555799,5020,4780,-240,0.8781423749625542041586756329,689.8500704927014,687.078708853224,0,0,
377,13:50:00,20230110,181764593,690.8,689.88,-0.9199999999999591,-0.0013317892298783426,0.0021412314569455413,4780,5186,406,0.8760439486755996265005108427,689.8560563941611,687.2187734105629,0,0,
378,14:00:00,20230110,181764593,689.88,690.25,0.37000000000000455,0.0005363251579984991,0.0021369968756818286,5186,4777,-409,0.8739405772494687608438201333,689.9348451153289,687.3703347400348,0,0,
379,14:10:00,20230110,181764593,690.25,691.31,1.0599999999999454,0.0015356754798985083,0.002135414450956083,4777,4787,10,0.8716462424778543847927029772,690.2098760922631,687.567318003033,0,0,
380,14:20:00,20230110,181764593,691.31,692.01,0.7000000000000455,0.001012570337475294,0.0021324673535453725,4787,5442,655,0.8697175880661951343511896983,690.5699008738104,687.7894521028815,0,0,
381,14:30:00,20230110,181764593,692.01,691.54,-0.4700000000000273,-0.0006791809366917058,0.0021286629388415673,5442,5241,-201,0.8675375288052519207569329025,690.7639206990483,687.9769794977374,0,0,
382,14:40:00,20230110,181764593,691.54,691.69,0.15000000000009095,0.00021690719264263957,0.002123671409478124,5241,7500,2259,0.8663978084000772533964561407,690.9491365592387,688.1626305228506,0,0,
383,14:50:00,20230110,181764593,691.69,691.73,0.03999999999996362,5.7829374430689495E-05,0.0021182916125118546,7500,13078,5578,0.8660783696629242744379584251,691.105309247391,688.3409989967081,0,0,
384,15:00:00,20230110,181764593,691.73,690.03,-1.7000000000000455,-0.0024576062914721717,0.002119172949340323,13078,5943,-7135,0.8652458874496203370907927438,690.8902473979127,688.4254490468727,0,0,
385,15:10:00,20230110,181764593,690.03,691.46,1.4300000000000637,0.002072373664913212,0.0021190517076708224,5943,5804,-139,0.8630649106967578264594275110,691.0041979183302,688.5771765945291,0,0,
386,15:20:00,20230110,181764593,691.46,691.43,-0.030000000000086402,-4.3386457640480146E-05,0.0021136882315725527,5804,5692,-112,0.8608846319521319236138578881,691.0893583346642,688.7198177648027,0,0,
387,15:30:00,20230110,181764593,691.43,690.05,-1.3799999999999955,-0.0019958636449098183,0.0021133845599574427,5692,6421,729,0.8589959460205877709827414726,690.8814866677313,688.7863268765625,0,0,
388,15:40:00,20230110,181764593,690.05,694.48,4.430000000000064,0.006419824650387746,0.0021244551000356698,6421,6619,198,0.8568670009622584402570097564,691.6011893341852,689.0710105327345,0,0,
389,15:50:00,20230110,181764593,694.48,695.46,0.9800000000000182,0.001411127750259213,0.0021226260555490635,6619,17457,10838,0.8588683867632861000956013991,692.3729514673481,689.3904600060978,0,1,
