N-term, time, date, conId, Previous Price, Current Price, Difference in Price ($), Difference in Price (%), cumulativeAggregatedAvg, Previous Volume, Current Volume, Difference in Volume, cumulativeAggregatedAvgVolume, SMA 5, SMA20, Crossing SMA Condition, Volume Condition, Order
0,09:30:00,20221227,187296614,6.07,6.02,-0.05000000000000071,-0.008237232289950693,0.008237232289950693,128314,128314,0,0,,,0,0,
1,09:40:00,20221227,187296614,6.02,6.05,0.03000000000000025,0.004983388704318978,0.006610310497134835,128314,65366,-62948,0.2452889006655548108546222548,,,0,0,
2,09:50:00,20221227,187296614,6.05,6.04,-0.009999999999999787,-0.001652892561983436,0.004957837852084369,65366,52129,-13237,0.2310278970810987951567403880,,,0,0,
3,10:00:00,20221227,187296614,6.04,6.06,0.019999999999999574,0.0033112582781456247,0.004546192958599683,52129,150074,97945,0.6429950686797262429654182847,,,0,1,
4,10:10:00,20221227,187296614,6.06,6.09,0.03000000000000025,0.004950495049504992,0.004627053376780745,150074,64002,-86072,0.6291021332784692148502321983,4.0733984,,0,0,
5,10:20:00,20221227,187296614,6.09,6.07,-0.019999999999999574,-0.003284072249589421,0.004403223188915525,64002,77981,13979,0.5606542859870080451762517989,4.47271872,,0,0,
6,10:30:00,20221227,187296614,6.07,6.11,0.040000000000000036,0.006589785831960467,0.004715589280779088,77981,49795,-28186,0.5321961050096768008055730593,4.800174975999999,,0,0,
7,10:40:00,20221227,187296614,6.11,6.13,0.019999999999999574,0.0032733224222585224,0.004535305923464018,49795,44840,-4955,0.4781100897246159104146866488,5.066139980799999,,0,0,
8,10:50:00,20221227,187296614,6.13,6.11,-0.019999999999999574,-0.0032626427406198324,0.004393898903147998,44840,38471,-6369,0.4407687862672569615025185714,5.274911984639999,,0,0,
9,11:00:00,20221227,187296614,6.11,6.11,0,0,0.003954509012833198,38471,38660,189,0.3971831867858615141110720482,5.441929587712,,0,0,
10,11:10:00,20221227,187296614,6.11,6.1,-0.010000000000000675,-0.0016366612111294067,0.0037437955763146716,38660,20932,-17728,0.4027630626238396777391253676,5.5735436701696,,0,0,
11,11:20:00,20221227,187296614,6.1,6.12,0.020000000000000462,0.00327868852459024,0.003705036655337636,20932,37781,16849,0.4362777911621135640756938903,5.68283493613568,,0,1,
12,11:30:00,20221227,187296614,6.12,6.13,0.009999999999999787,0.0016339869281045403,0.0035457251378581667,37781,34370,-3411,0.4096628438281955943914126360,5.772267948908544,,0,0,
13,11:40:00,20221227,187296614,6.13,6.12,-0.009999999999999787,-0.0016313213703099162,0.0034089820116047203,34370,24866,-9504,0.4001526564921153695706951243,5.841814359126835,,0,0,
14,11:50:00,20221227,187296614,6.12,6.12,0,0,0.0031817165441644056,24866,29186,4320,0.3850578926744984340503194977,5.897451487301469,,0,0,
15,12:00:00,20221227,187296614,6.12,6.12,0,0,0.00298285926015413,29186,24430,-4756,0.3711764519674858439039466116,5.941961189841175,,0,0,
16,12:10:00,20221227,187296614,6.12,6.13,0.009999999999999787,0.0016339869281045403,0.0029035138288570953,24430,41144,16714,0.3895871795647850200216095243,5.97956895187294,,0,1,
17,12:20:00,20221227,187296614,6.13,6.12,-0.009999999999999787,-0.0016313213703099162,0.0028328364700489187,41144,32272,-8872,0.3799230528715267686986555871,6.007655161498352,,0,0,
18,12:30:00,20221227,187296614,6.12,6.15,0.03000000000000025,0.004901960784313766,0.0029417377497470685,32272,78865,46593,0.4359144340879798258062622901,6.036124129198681,,0,1,
19,12:40:00,20221227,187296614,6.15,6.14,-0.010000000000000675,-0.0016260162601627113,0.0028759516752678506,78865,53738,-25127,0.4300490997544043937627633517,6.056899303358945,3.919884498317337,0,0,
20,12:50:00,20221227,187296614,6.14,6.15,0.010000000000000675,0.0016286644951141165,0.0028165570476414823,53738,35373,-18365,0.4258444148346241342390217261,6.075519442687156,4.0313902734014695,0,0,
21,13:00:00,20221227,187296614,6.15,6.14,-0.010000000000000675,-0.0016260162601627113,0.0027624415573015383,35373,18931,-16442,0.4276159322915119512175121059,6.088415554149725,4.136820759731396,0,0,
22,13:10:00,20221227,187296614,6.14,6.14,0,0,0.002642335402636254,18931,55608,36677,0.4932589029556615913327619453,6.098732443319779,4.236979721744826,0,1,
23,13:20:00,20221227,187296614,6.14,6.15,0.010000000000000675,0.0016286644951141165,0.0026000991148228316,55608,34426,-21182,0.4885779659535227880349509092,6.108985954655823,4.3326307356575855,0,0,
24,13:30:00,20221227,187296614,6.15,6.16,0.009999999999999787,0.001626016260162567,0.002561135800636421,34426,34500,74,0.4691208288409729995019918434,6.119188763724659,4.423999198874706,0,0,
25,13:40:00,20221227,187296614,6.16,6.14,-0.020000000000000462,-0.0032467532467533216,0.0025875057024101478,34500,29157,-5343,0.4570342417785275496883700835,6.123351010979727,4.509799238930971,0,0,
26,13:50:00,20221227,187296614,6.14,6.14,0,0,0.0024916721578764384,29157,21309,-7848,0.4500760659417911484604535213,6.126680808783782,4.591309276984423,0,0,
27,14:00:00,20221227,187296614,6.14,6.15,0.010000000000000675,0.0016286644951141165,0.002460850455634927,21309,75067,53758,0.5241013421678766596419398750,6.131344647027026,4.669243813135202,0,1,
28,14:10:00,20221227,187296614,6.15,6.15,0,0,0.0023759935433716535,75067,29367,-45700,0.5270216228309367410453842920,6.135075717621621,4.743281622478442,0,0,
29,14:20:00,20221227,187296614,6.15,6.15,0,0,0.0022967937585925986,29367,35628,6261,0.5165608516732017331859050574,6.138060574097297,4.81361754135452,0,0,
30,14:30:00,20221227,187296614,6.15,6.15,0,0,0.002222703637347676,35628,61189,25561,0.5230408673699780713415171481,6.140448459277838,4.880436664286794,0,0,
31,14:40:00,20221227,187296614,6.15,6.15,0,0,0.002153244148680561,61189,94648,33459,0.5237837768218905943198526676,6.142358767422271,4.943914831072455,0,0,
32,14:50:00,20221227,187296614,6.15,6.14,-0.010000000000000675,-0.0016260162601627113,0.002137267545998202,94648,75798,-18850,0.5139466620423315324269872962,6.141887013937817,5.003719089518833,0,0,
33,15:00:00,20221227,187296614,6.14,6.15,0.010000000000000675,0.0016286644951141165,0.0021223086327369052,75798,51588,-24210,0.5082247474917828428391428307,6.143509611150254,5.061033135042891,0,0,
34,15:10:00,20221227,187296614,6.15,6.18,0.02999999999999936,0.004878048780487701,0.0022010440655297852,51588,81374,29786,0.5102006786199488098434374616,6.150807688920203,5.116981478290747,0,0,
35,15:20:00,20221227,187296614,6.18,6.18,0,0,0.0021399039525984024,81374,58496,-22878,0.5038380573274462515419188630,6.1566461511361625,5.17013240437621,0,0,
36,15:30:00,20221227,187296614,6.18,6.19,0.010000000000000675,0.0016181229773463877,0.002125801764078078,58496,59068,572,0.4904850948696638317090099435,6.16331692090893,5.221125784157399,0,0,
37,15:40:00,20221227,187296614,6.19,6.19,0,0,0.0020698596123918125,59068,95758,36690,0.4939236057100862426272968959,6.168653536727144,5.269569494949529,0,0,
38,15:50:00,20221227,187296614,6.19,6.2,0.009999999999999787,0.0016155088852988345,0.002058209593748403,95758,104587,8829,0.4836230305327062879173457166,6.174922829381715,5.316091020202053,0,0,
39,09:30:00,20221228,187296614,6.2,6.21,0.009999999999999787,0.0016129032258064171,0.0020470769345498534,104587,98628,-5959,0.4729568669812314027656510900,6.181938263505372,5.36078646919195,0,0,
40,09:40:00,20221228,187296614,6.21,6.18,-0.03000000000000025,-0.004830917874396175,0.0021149754940583,98628,37037,-61591,0.4766525003697054395275930716,6.1815506108042975,5.401747145732353,0,0,
41,09:50:00,20221228,187296614,6.18,6.13,-0.04999999999999982,-0.008090614886731363,0.002257252622455278,37037,45497,8460,0.4707422081804321771633270515,6.171240488643438,5.438159788445735,0,0,
42,10:00:00,20221228,187296614,6.13,6.11,-0.019999999999999574,-0.0032626427406198324,0.0022806337879939884,45497,133844,88347,0.5049533275204831579004163404,6.158992390914751,5.4717517990234485,0,1,
43,10:10:00,20221228,187296614,6.11,6.1,-0.010000000000000675,-0.0016366612111294067,0.0022659980476107027,133844,55606,-78238,0.5067622561700080546278780046,6.1471939127318,5.503164209072276,0,0,
44,10:20:00,20221228,187296614,6.1,6.04,-0.05999999999999961,-0.009836065573770428,0.0024342217704142522,55606,82194,26588,0.5061264246983485343180642018,6.12575513018544,5.530005998618662,0,0,
45,10:30:00,20221228,187296614,6.04,6.11,0.07000000000000028,0.01158940397350998,0.002633247470481551,82194,262665,180471,0.5428556593109310513351375497,6.122604104148351,5.559005698687729,0,1,
46,10:40:00,20221228,187296614,6.11,6.11,0,0,0.0025772209285564113,262665,90916,-171749,0.5452176857127424594754356720,6.120083283318682,5.586555413753343,0,0,
47,10:50:00,20221228,187296614,6.11,6.07,-0.040000000000000036,-0.0065466448445171905,0.0026599172601389277,90916,195846,104930,0.5579036148684421132204519715,6.110066626654945,5.610727643065676,0,1,
48,11:00:00,20221228,187296614,6.07,6.04,-0.03000000000000025,-0.004942339373970386,0.002706497303278345,195846,69315,-126531,0.5597030095867906913404770728,6.0960533013239555,5.632191260912392,0,0,
49,11:10:00,20221228,187296614,6.04,6.04,0,0,0.002652367357212778,69315,29642,-39673,0.5599561109041077520718439722,6.084842641059165,5.652581697866772,0,0,
50,11:20:00,20221228,187296614,6.04,6.04,0,0,0.0026003601541301747,29642,16408,-13234,0.5577307185822568264595942636,6.075874112847332,5.671952612973433,0,0,
51,11:30:00,20221228,187296614,6.04,6.04,0,0,0.00255035322808921,16408,43381,26973,0.5786184590483314546797061430,6.068699290277866,5.690354982324761,0,1,
52,11:40:00,20221228,187296614,6.04,6.02,-0.020000000000000462,-0.0033112582781457717,0.0025647099271468806,43381,32968,-10413,0.5722301100180518449055548072,6.058959432222292,5.706837233208523,0,0,
53,11:50:00,20221228,187296614,6.02,6,-0.019999999999999574,-0.003322259136212554,0.0025787386162036525,32968,70381,37413,0.5826485841236519255545532013,6.047167545777834,5.721495371548096,0,1,
54,12:00:00,20221228,187296614,6,5.99,-0.009999999999999787,-0.0016666666666666312,0.002562155489848434,70381,101436,31055,0.5800775415775084684044558716,6.035734036622268,5.734920602970692,0,0,
55,12:10:00,20221228,187296614,5.99,5.99,0,0,0.0025164027132439978,101436,54970,-46466,0.5778990487510224946657236404,6.026587229297814,5.747674572822158,0,0,
56,12:20:00,20221228,187296614,5.99,6.01,0.019999999999999574,0.0033388981636059386,0.0025308324579871896,54970,106730,51760,0.5842798463440178106014414231,6.023269783438251,5.7607908441810505,0,1,
57,12:30:00,20221228,187296614,6.01,5.99,-0.019999999999999574,-0.003327787021630545,0.002544573053912075,106730,86712,-20018,0.5774398039553449718033314900,6.0166158267506,5.772251301971998,0,0,
58,12:40:00,20221228,187296614,5.99,6.01,0.019999999999999574,0.0033388981636059386,0.0025580361913645133,86712,51434,-35278,0.5745482994306108679483315603,6.01529266140048,5.784138736873398,0,0,
59,12:50:00,20221228,187296614,6.01,6.02,0.009999999999999787,0.0016638935108152725,0.002543133813355359,51434,104498,53064,0.5821673460946482623495530333,6.016234129120384,5.795931800029728,0,1,
60,13:00:00,20221228,187296614,6.02,6.01,-0.009999999999999787,-0.001661129568106277,0.0025286747273676694,104498,66026,-38472,0.5786590315058054679437296584,6.014987303296307,5.806635210028242,0,0,
61,13:10:00,20221228,187296614,6.01,6.01,0,0,0.002487889651119804,66026,48651,-17375,0.5735702392083912743595666516,6.013989842637045,5.81680344952683,0,0,
62,13:20:00,20221228,187296614,6.01,6,-0.009999999999999787,-0.0016638935108152725,0.002474810347305446,48651,26604,-22047,0.5716590676382454237909500496,6.011191874109636,5.825963277050488,0,0,
63,13:30:00,20221228,187296614,6,5.99,-0.009999999999999787,-0.0016666666666666312,0.002462183102295465,26604,54450,27846,0.5790813432855588674609958867,6.006953499287709,5.8341651131979635,0,1,
64,13:40:00,20221228,187296614,5.99,5.98,-0.009999999999999787,-0.0016694490818029693,0.002449987194287888,54450,86573,32123,0.5792486162552844645978889499,6.001562799430168,5.841456857538065,0,0,
65,13:50:00,20221228,187296614,5.98,5.96,-0.020000000000000462,-0.0033444816053512477,0.0024635401399100603,86573,129262,42689,0.5779433085862147213975222179,5.9932502395441345,5.847384014661162,0,0,
66,14:00:00,20221228,187296614,5.96,5.84,-0.1200000000000001,-0.020134228187919483,0.0027272817525669174,129262,642720,513458,0.6286042584568036828753576408,5.962600191635308,5.847014813928103,0,1,
67,14:10:00,20221228,187296614,5.84,5.87,0.03000000000000025,0.005136986301369906,0.0027627185841669613,642720,127259,-515461,0.6311541857649317108369974670,5.944080153308246,5.848164073231698,0,0,
68,14:20:00,20221228,187296614,5.87,5.88,0.009999999999999787,0.001703577512776795,0.002747368713567104,127259,101694,-25565,0.6249184660366428606091094294,5.9312641226465965,5.849755869570113,0,0,
69,14:30:00,20221228,187296614,5.88,5.83,-0.04999999999999982,-0.008503401360544187,0.002829597751381062,101694,181062,79368,0.6271404740094224937569025603,5.911011298117277,5.848768076091607,0,0,
70,14:40:00,20221228,187296614,5.83,5.86,0.03000000000000025,0.00514579759862783,0.0028622202844408758,181062,138473,-42589,0.6216204359347598690047079349,5.900809038493822,5.849329672287027,0,0,
71,14:50:00,20221228,187296614,5.86,5.85,-0.010000000000000675,-0.0017064846416383404,0.002846168400513063,138473,83356,-55117,0.6185150725721875822150761694,5.890647230795057,5.849363188672676,0,0,
72,15:00:00,20221228,187296614,5.85,5.84,-0.009999999999999787,-0.001709401709401673,0.002830596254059482,83356,79664,-3692,0.6106490024354301608194842818,5.880517784636046,5.848895029239042,0,0,
73,15:10:00,20221228,187296614,5.84,5.85,0.009999999999999787,0.0017123287671232511,0.0028154845312630466,79664,90399,10735,0.6042179816532096813714234744,5.8744142277088365,5.8489502777770905,0,0,
74,15:20:00,20221228,187296614,5.85,5.82,-0.02999999999999936,-0.005128205128205019,0.0028463208058889396,90399,109748,19349,0.5990156082754114753460920274,5.86353138216707,5.847502763888237,0,0,
75,15:30:00,20221228,187296614,5.82,5.79,-0.03000000000000025,-0.005154639175257774,0.002876693416012214,109748,193198,83450,0.6011388018671170359082455509,5.848825105733656,5.844627625693825,0,0,
76,15:40:00,20221228,187296614,5.79,5.78,-0.009999999999999787,-0.0017271157167529857,0.0028617638355023537,193198,260344,67146,0.5978454431633739493053888071,5.8350600845869245,5.841396244409133,-1,0,
77,15:50:00,20221228,187296614,5.78,5.78,0,0,0.002825074555560016,260344,349609,89265,0.5945765692171609000489630808,5.8240480676695405,5.838326432188676,0,0,
78,09:30:00,20221229,187296614,5.78,5.59,-0.1900000000000004,-0.03287197231833917,0.0032054150335698783,349609,317637,-31972,0.5882078877709173042610603516,5.777238454135633,5.825910110579242,0,0,
79,09:40:00,20221229,187296614,5.59,5.63,0.040000000000000036,0.007155635062611813,0.0032547927839329024,317637,153843,-163794,0.5873010905130454702267078349,5.747790763308506,5.81611460505028,0,0,
80,09:50:00,20221229,187296614,5.63,5.68,0.04999999999999982,0.008880994671403165,0.003324252066494264,153843,159103,5260,0.5804725671846050155579480119,5.734232610646806,5.8093088747977655,0,0,
81,10:00:00,20221229,187296614,5.68,5.73,0.05000000000000071,0.008802816901408576,0.0033910638327737065,159103,69622,-89481,0.5802522829127985625369247997,5.733386088517444,5.805343431057877,0,0,
82,10:10:00,20221229,187296614,5.73,5.73,0,0,0.0033502076420173967,69622,91846,22224,0.5771071884836116136807527999,5.732708870813956,5.801576259504984,0,0,
83,10:20:00,20221229,187296614,5.73,5.72,-0.010000000000000675,-0.001745200698080397,0.0033311004164943373,91846,72713,-19133,0.5727168183151378599607418678,5.730167096651165,5.797497446529734,0,0,
84,10:30:00,20221229,187296614,5.72,5.69,-0.02999999999999936,-0.005244755244755133,0.00335361400270917,72713,103395,30682,0.5709432123315571879696786267,5.722133677320932,5.792122574203248,0,0,
85,10:40:00,20221229,187296614,5.69,5.66,-0.03000000000000025,-0.005272407732864718,0.0033759255577109786,103395,57036,-46359,0.5695179181122760438081345682,5.709706941856746,5.785516445493085,0,0,
86,10:50:00,20221229,187296614,5.66,5.68,0.019999999999999574,0.003533568904593564,0.003377737550203882,57036,47545,-9491,0.5648844210635373612348695355,5.703765553485397,5.780240623218431,0,0,
87,11:00:00,20221229,187296614,5.68,5.66,-0.019999999999999574,-0.0035211267605633053,0.0033793669730488754,47545,67959,20414,0.5633443896580110455339756761,5.695012442788318,5.77422859205751,0,0,
88,11:10:00,20221229,187296614,5.66,5.67,0.009999999999999787,0.001766784452296782,0.0033612480683213237,67959,37981,-29978,0.5619710696610782000950381123,5.690009954230655,5.7690171624546345,0,0,
89,11:20:00,20221229,187296614,5.67,5.67,0,0,0.0033239008675621977,37981,49325,11344,0.5590455650383582403731275539,5.686007963384524,5.7640663043319025,0,0,
90,11:30:00,20221229,187296614,5.67,5.7,0.03000000000000025,0.005291005291005335,0.0033455173996879465,49325,48682,-643,0.5530454597720951122742532972,5.688806370707619,5.760862989115307,0,0,
91,11:40:00,20221229,187296614,5.7,5.74,0.040000000000000036,0.007017543859649129,0.003385430730774481,48682,57172,8490,0.5489297168154480848362628251,5.6990450965660955,5.759819839659542,0,0,
92,11:50:00,20221229,187296614,5.74,5.74,0,0,0.003349028249798411,57172,42197,-14975,0.5458436867018702679813585110,5.707236077252876,5.758828847676565,0,0,
93,12:00:00,20221229,187296614,5.74,5.75,0.009999999999999787,0.0017421602787456073,0.003331933909680828,42197,19345,-22852,0.5457980632992388366609890118,5.7157888618023005,5.758387405292736,0,0,
94,12:10:00,20221229,187296614,5.75,5.75,0,0,0.003296860921157872,19345,44065,24720,0.5535038686701227722378649447,5.72263108944184,5.757968035028099,0,1,
95,12:20:00,20221229,187296614,5.75,5.76,0.009999999999999787,0.0017391304347825717,0.0032806345619247963,44065,53072,9007,0.5498673969869679252413206544,5.730104871553473,5.758069633276694,0,0,
96,12:30:00,20221229,187296614,5.76,5.74,-0.019999999999999574,-0.0034722222222221483,0.003282609692443326,53072,43020,-10052,0.5461512699568737443486824159,5.732083897242779,5.757166151612859,0,0,
97,12:40:00,20221229,187296614,5.74,5.73,-0.009999999999999787,-0.0017421602787456073,0.003266890820874982,43020,21258,-21762,0.5457401114939033393918326551,5.731667117794223,5.7558078440322165,0,0,
98,12:50:00,20221229,187296614,5.73,5.73,0,0,0.0032338919236944265,21258,18392,-2866,0.5415894016054157743117384690,5.731333694235379,5.754517451830606,0,0,
99,13:00:00,20221229,187296614,5.73,5.72,-0.010000000000000675,-0.001745200698080397,0.003219005011438286,18392,46221,27829,0.5513045428220714904268203014,5.729066955388303,5.752791579239075,0,1,
100,13:10:00,20221229,187296614,5.72,5.75,0.03000000000000025,0.005244755244755288,0.003239061944441425,46221,25943,-20278,0.5501898278584306083283060687,5.733253564310642,5.752652000277121,0,0,
101,13:20:00,20221229,187296614,5.75,5.76,0.009999999999999787,0.0017391304347825717,0.0032243567335624164,25943,51837,25894,0.5545812142900226183866083784,5.738602851448514,5.753019400263265,0,1,
102,13:30:00,20221229,187296614,5.76,5.74,-0.019999999999999574,-0.0034722222222221483,0.0032267631946173653,51837,53526,1689,0.5495132695309277067097133056,5.73888228115881,5.752368430250102,0,0,
103,13:40:00,20221229,187296614,5.74,5.73,-0.009999999999999787,-0.0017421602787456073,0.0032124881665801367,53526,30220,-23306,0.5484161666016337409394219241,5.737105824927048,5.751250008737597,0,0,
104,13:50:00,20221229,187296614,5.73,5.71,-0.020000000000000462,-0.0034904013961606388,0.003215134959242808,30220,25470,-4750,0.5446901143011385243842584151,5.731684659941639,5.749187508300717,0,0,
105,14:00:00,20221229,187296614,5.71,5.71,0,0,0.003184803497363159,25470,35635,10165,0.5433165941363682811028296303,5.72734772795331,5.747228132885681,0,0,
106,14:10:00,20221229,187296614,5.71,5.71,0,0,0.0031550389786962132,35635,48893,13258,0.5417159713022992127850072295,5.723878182362649,5.7453667262413965,0,0,
107,14:20:00,20221229,187296614,5.71,5.7,-0.009999999999999787,-0.001751313485113798,0.003142041520422302,48893,29881,-19012,0.5403005374893692176159083131,5.719102545890118,5.743098389929327,0,0,
108,14:30:00,20221229,187296614,5.7,5.69,-0.009999999999999787,-0.0017543859649122432,0.003129310735509366,29881,36956,7075,0.5375158768797400612308773673,5.713282036712094,5.740443470432861,0,0,
109,14:40:00,20221229,187296614,5.69,5.69,0,0,0.003100862456095644,36956,18528,-18428,0.5371625238146780037219851456,5.708625629369675,5.737921296911218,0,0,
110,14:50:00,20221229,187296614,5.69,5.69,0,0,0.0030729267582929806,18528,9543,-8985,0.5366920660311634233775729189,5.70490050349574,5.735525232065658,0,0,
111,15:00:00,20221229,187296614,5.69,5.7,0.009999999999999787,0.0017574692442881873,0.003061181601917938,9543,42141,32598,0.5623993417585707670650811726,5.703920402796593,5.733748970462376,0,1,
112,15:10:00,20221229,187296614,5.7,5.66,-0.040000000000000036,-0.007017543859649129,0.00309619365729609,42141,73760,31619,0.5640623070583664738306132400,5.695136322237275,5.730061521939257,0,0,
113,15:20:00,20221229,187296614,5.66,5.68,0.019999999999999574,0.003533568904593564,0.0031000302822723836,73760,40532,-33228,0.5630660418158748091726250240,5.69210905778982,5.727558445842294,0,0,
114,15:30:00,20221229,187296614,5.68,5.68,0,0,0.0030730734972091453,40532,79581,39049,0.5665473077599316707902015095,5.689687246231856,5.725180523550179,0,1,
115,15:40:00,20221229,187296614,5.68,5.7,0.020000000000000462,0.003521126760563462,0.0030769360253415103,79581,43660,-35921,0.5655544567004772694956242834,5.691749796985485,5.72392149737267,0,0,
116,15:50:00,20221229,187296614,5.7,5.7,0,0,0.003050637426834318,43660,141968,98308,0.5799657178482855397764307177,5.693399837588389,5.722725422504037,0,1,
117,09:30:00,20221230,187296614,5.7,5.64,-0.0600000000000005,-0.01052631578947377,0.0031139906332973643,141968,223964,81996,0.5799453878293289283133210842,5.682719870070711,5.7185891513788345,0,0,
118,09:40:00,20221230,187296614,5.64,5.61,-0.02999999999999936,-0.0053191489361701,0.0031325213753383117,223964,108400,-115564,0.5794079781991269621772282096,5.668175896056569,5.713159693809892,0,0,
119,09:50:00,20221230,187296614,5.61,5.59,-0.020000000000000462,-0.0035650623885918825,0.0031361258837820914,108400,100802,-7598,0.5751636804718218143681867322,5.652540716845255,5.707001709119397,0,0,
120,10:00:00,20221230,187296614,5.59,5.51,-0.08000000000000007,-0.014311270125223626,0.003228482447760947,100802,139939,39137,0.5736189904298492949219191897,5.624032573476205,5.697151623663427,0,0,
121,10:10:00,20221230,187296614,5.51,5.6,0.08999999999999986,0.016333938294010864,0.003335904216992504,139939,66136,-73803,0.5732400977119705399935670090,5.619226058780964,5.692294042480256,0,0,
122,10:20:00,20221230,187296614,5.6,5.62,0.020000000000000462,0.003571428571428654,0.0033378190491423912,66136,150113,83977,0.5789028799092021027903790785,5.619380847024772,5.688679340356243,0,1,
123,10:30:00,20221230,187296614,5.62,5.63,0.009999999999999787,0.0017793594306049442,0.0033252508264122503,150113,53485,-96628,0.5794254513993349094493533945,5.621504677619818,5.685745373338431,0,0,
124,10:40:00,20221230,187296614,5.63,5.65,0.020000000000000462,0.003552397868561361,0.0033270680027494433,53485,44867,-8618,0.5760790820968249081208465359,5.627203742095854,5.683958104671509,0,0,
125,10:50:00,20221230,187296614,5.65,5.56,-0.09000000000000075,-0.01592920353982314,0.0034270849514563776,44867,108579,63712,0.5827770192846477108325192325,5.6137629936766835,5.677760199437933,0,1,
126,11:00:00,20221230,187296614,5.56,5.57,0.010000000000000675,0.0017985611510792582,0.003414261929406164,108579,50226,-58353,0.5824199117613611888165463851,5.605010394941346,5.672372189466037,0,0,
127,11:10:00,20221230,187296614,5.57,5.56,-0.010000000000000675,-0.0017953321364453634,0.003401614040398658,50226,50142,-84,0.5778828221426679747893400050,5.596008315953077,5.666753579992735,0,0,
128,11:20:00,20221230,187296614,5.56,5.55,-0.009999999999999787,-0.0017985611510790984,0.003389187273814785,50142,46555,-3587,0.5739576594546434129802441803,5.586806652762462,5.660915900993098,0,0,
129,11:30:00,20221230,187296614,5.55,5.54,-0.009999999999999787,-0.0018018018018017634,0.003376976616337762,46555,51016,4461,0.5702796939653692006604412561,5.57744532220997,5.654870105943443,0,0,
130,11:40:00,20221230,187296614,5.54,5.54,0,0,0.003351198168884802,51016,25862,-25154,0.5696902382898353949002227778,5.569956257767975,5.649126600646271,0,0,
131,11:50:00,20221230,187296614,5.54,5.57,0.03000000000000025,0.005415162454873691,0.0033668342619604754,25862,81500,55638,0.5816724466127252663792297796,5.56996500621438,5.645170270613958,0,1,
132,12:00:00,20221230,187296614,5.57,5.59,0.019999999999999574,0.003590664272890408,0.0033685171943734823,81500,41547,-39953,0.5809848406900409073949678462,5.573972004971504,5.64241175708326,0,0,
133,12:10:00,20221230,187296614,5.59,5.62,0.03000000000000025,0.0053667262969589,0.0033834292026017317,41547,74631,33084,0.5825916924920911785355572795,5.583177603977203,5.641291169229097,0,0,
134,12:20:00,20221230,187296614,5.62,5.61,-0.009999999999999787,-0.0017793594306049442,0.003371547204290644,74631,77354,2723,0.5785464664637475543990985271,5.588542083181762,5.639726610767642,0,0,
135,12:30:00,20221230,187296614,5.61,5.61,0,0,0.003346756416023801,77354,38467,-38887,0.5779888806201662566219019538,5.59283366654541,5.63824028022926,0,0,
136,12:40:00,20221230,187296614,5.61,5.61,0,0,0.0033223275370747223,38467,118795,80328,0.5890125491640416809085120708,5.596266933236327,5.636828266217797,0,1,
137,12:50:00,20221230,187296614,5.61,5.58,-0.03000000000000025,-0.0053475935828877445,0.0033370033779864107,118795,42654,-76141,0.5893888675338345873657126257,5.593013546589061,5.633986852906907,0,0,
138,13:00:00,20221230,187296614,5.58,5.57,-0.009999999999999787,-0.0017921146953404636,0.0033258890709170156,42654,152416,109762,0.6036616873836031314294071578,5.588410837271248,5.630787510261562,0,1,
139,13:10:00,20221230,187296614,5.57,5.54,-0.03000000000000025,-0.0053859964093357715,0.0033406041233342925,152416,88250,-64166,0.6023569078073935070705123042,5.578728669816998,5.626248134748484,0,0,
140,13:20:00,20221230,187296614,5.54,5.54,0,0,0.0033169118955092267,88250,64754,-23496,0.5999731256673575456457259573,5.570982935853598,5.62193572801106,0,0,
141,13:30:00,20221230,187296614,5.54,5.52,-0.020000000000000462,-0.003610108303249181,0.003318976658944015,64754,247003,182249,0.6155682621275268374322855196,5.560786348682878,5.6168389416105065,0,1,
142,13:40:00,20221230,187296614,5.52,5.52,0,0,0.0032957670319583928,247003,78406,-168597,0.6160368103436738820089280212,5.552629078946302,5.611996994529981,0,0,
143,13:50:00,20221230,187296614,5.52,5.5,-0.019999999999999574,-0.0036231884057970243,0.003298040791498939,78406,174305,95899,0.6202525819761058091296564509,5.542103263157042,5.6063971448034815,0,1,
144,14:00:00,20221230,187296614,5.5,5.49,-0.009999999999999787,-0.0018181818181817794,0.0032878348675450275,174305,54316,-119989,0.6207224628012806612542875813,5.531682610525634,5.600577287563307,0,0,
145,14:10:00,20221230,187296614,5.49,5.48,-0.009999999999999787,-0.0018214936247722745,0.003277791434375351,54316,42588,-11728,0.6179498544513716104641513359,5.521346088420507,5.594548423185142,0,0,
146,14:20:00,20221230,187296614,5.48,5.49,0.009999999999999787,0.001824817518248136,0.003267907258075166,42588,50865,8277,0.6150682263345160090098041823,5.515076870736405,5.589321002025884,0,0,
147,14:30:00,20221230,187296614,5.49,5.48,-0.009999999999999787,-0.0018214936247722745,0.0032581341929852816,50865,41935,-8930,0.6120985948334698963801507423,5.508061496589124,5.58385495192459,0,0,
148,14:40:00,20221230,187296614,5.48,5.45,-0.03000000000000025,-0.005474452554744571,0.0032730088128628608,41935,83782,41847,0.6146878761718240670478104839,5.496449197271299,5.577162204328361,0,1,
149,14:50:00,20221230,187296614,5.45,5.45,0,0,0.0032511887541104415,83782,97242,13460,0.6116609905526832998197344725,5.487159357817039,5.570804094111943,0,0,
150,15:00:00,20221230,187296614,5.45,5.44,-0.009999999999999787,-0.0018348623853210618,0.003241809109284022,97242,60053,-37189,0.6101429550512134208599391711,5.477727486253632,5.564263889406346,0,0,
151,15:10:00,20221230,187296614,5.44,5.46,0.019999999999999574,0.0036764705882352156,0.003244668724277122,60053,72869,12816,0.6075328796003517566060277219,5.474181989002906,5.559050694936029,0,0,
152,15:20:00,20221230,187296614,5.46,5.46,0,0,0.0032234617391511274,72869,95933,23064,0.6056307901579404142578489071,5.471345591202326,5.554098160189227,0,0,
153,15:30:00,20221230,187296614,5.46,5.45,-0.009999999999999787,-0.0018315018315017925,0.0032144230384521058,95933,144070,48137,0.6049564167287423512589974211,5.46707647296186,5.548893252179766,0,0,
154,15:40:00,20221230,187296614,5.45,5.5,0.04999999999999982,0.009174311926605472,0.0032528739345047083,144070,172427,28357,0.6023233297231823340386102098,5.473661178369488,5.546448589570778,0,0,
155,15:50:00,20221230,187296614,5.5,5.49,-0.009999999999999787,-0.0018181818181817794,0.0032436771901693047,172427,324881,152454,0.6041300101283207419121735207,5.47692894269559,5.543626160092239,0,0,
156,09:30:00,20230103,187296614,5.49,5.85,0.35999999999999943,0.06557377049180317,0.003640684153873979,324881,312706,-12175,0.6005207442050332602664556218,5.551543154156472,5.5589448520876275,0,0,
157,09:40:00,20230103,187296614,5.85,5.77,-0.08000000000000007,-0.013675213675213687,0.0037041938343887874,312706,127802,-184904,0.6004624041344558025329756630,5.5952345233251775,5.569497609483246,1,0,
158,09:50:00,20230103,187296614,5.77,5.67,-0.09999999999999964,-0.01733102253032923,0.0037898971595204884,127802,151326,23524,0.5978435586811464075423893327,5.610187618660142,5.574522729009084,0,0,
159,10:00:00,20230103,187296614,5.67,5.71,0.040000000000000036,0.0070546737213403946,0.0038103020130318627,151326,93824,-57502,0.5964819587924548095491595007,5.630150094928114,5.58129659255863,0,0,
160,10:10:00,20230103,187296614,5.71,5.7,-0.009999999999999787,-0.001751313485113798,0.0037975132644112535,93824,41163,-52661,0.5962632776870268535155061412,5.6441200759424905,5.587231762930698,0,0,
161,10:20:00,20230103,187296614,5.7,5.75,0.04999999999999982,0.008771929824561372,0.0038282195394739086,41163,21268,-19895,0.5955661117826966303150503232,5.665296060753992,5.595370174784163,0,0,
162,10:30:00,20230103,187296614,5.75,5.81,0.05999999999999961,0.010434782608695584,0.0038687506012482745,21268,45364,24096,0.5988630664329057662116187759,5.694236848603193,5.606101666044955,0,1,
163,10:40:00,20230103,187296614,5.81,5.82,0.010000000000000675,0.0017211703958693073,0.003855655599995964,45364,78515,33151,0.5996674240107339009662614556,5.719389478882555,5.616796582742707,0,0,
164,10:50:00,20230103,187296614,5.82,5.87,0.04999999999999982,0.00859106529209619,0.0038843550526753592,78515,34431,-44084,0.5994359385932627925901846188,5.7495115831060435,5.629456753605572,0,0,
165,11:00:00,20230103,187296614,5.87,5.87,0,0,0.003860955323442375,34431,63323,28892,0.6008798638452501563150723816,5.773609266484835,5.641483915925293,0,0,
166,11:10:00,20230103,187296614,5.87,5.89,0.019999999999999574,0.00340715502555359,0.003858237956389149,63323,96970,33647,0.6004635479888994896164743158,5.796887413187868,5.653909720129029,0,0,
167,11:20:00,20230103,187296614,5.89,5.87,-0.019999999999999574,-0.003395585738539826,0.003855484074140046,96970,47119,-49851,0.5999494008638384997479761110,5.811509930550294,5.664714234122577,0,0,
168,11:30:00,20230103,187296614,5.87,5.88,0.009999999999999787,0.001703577512776795,0.0038427508992207367,47119,43658,-3461,0.5968340335382664706415596757,5.825207944440235,5.675478522416448,0,0,
169,11:40:00,20230103,187296614,5.88,5.85,-0.03000000000000025,-0.005102040816326573,0.003850158486968418,43658,81344,37686,0.5984009479995721760071595102,5.830166355552188,5.684204596295626,0,0,
170,11:50:00,20230103,187296614,5.85,5.83,-0.019999999999999574,-0.003418803418803346,0.003847635942710143,81344,46417,-34927,0.5974124864119865099998019489,5.83013308444175,5.691494366480844,0,0,
171,12:00:00,20230103,187296614,5.83,5.85,0.019999999999999574,0.0034305317324184515,0.003845210918231703,46417,40217,-6200,0.5947157379545266607070833120,5.8341064675534,5.699419648156802,0,0,
172,12:10:00,20230103,187296614,5.85,5.86,0.010000000000000675,0.001709401709401825,0.003832865200261588,40217,42692,2475,0.5916338038583686648413519035,5.83928517404272,5.707448665748962,0,0,
173,12:20:00,20230103,187296614,5.86,5.86,0,0,0.0038108372393405444,42692,30298,-12394,0.5899020693663588728321613750,5.843428139234176,5.715076232461514,0,0,
174,12:30:00,20230103,187296614,5.86,5.85,-0.010000000000000675,-0.0017064846416383404,0.0037988123673536748,30298,32318,2020,0.5869121779265350388913885139,5.844742511387341,5.721822420838437,0,0,
175,12:40:00,20230103,187296614,5.85,5.82,-0.02999999999999936,-0.005128205128205019,0.0038063657353130573,32318,48778,16460,0.5864712774562388348011243116,5.839794009109873,5.726731299796516,0,0,
176,12:50:00,20230103,187296614,5.82,5.84,0.019999999999999574,0.0034364261168384146,0.0038042756809713927,48778,28735,-20043,0.5854793632108660577012405257,5.839835207287899,5.7323947348066895,0,0,
177,13:00:00,20230103,187296614,5.84,5.83,-0.009999999999999787,-0.0017123287671232511,0.003792523170219437,28735,47571,18836,0.5858727781431581893716879997,5.837868165830319,5.737274998066355,0,0,
178,13:10:00,20230103,187296614,5.83,5.84,0.009999999999999787,0.0017152658662092258,0.003780918380811559,47571,13258,-34313,0.5866293592289485465752985547,5.838294532664255,5.742411248163037,0,0,
179,13:20:00,20230103,187296614,5.84,5.85,0.009999999999999787,0.0017123287671232511,0.003769426216291068,13258,31819,18561,0.5911480012041679529586581580,5.840635626131404,5.747790685754886,0,1,
180,13:30:00,20230103,187296614,5.85,5.83,-0.019999999999999574,-0.003418803418803346,0.0037674890737635115,31819,13667,-18152,0.5910337954470678534324548621,5.838508500905123,5.751901151467142,0,0,
181,13:40:00,20230103,187296614,5.83,5.83,0,0,0.0037467885843472286,13667,14883,1216,0.5882752220636894757597333871,5.836806800724098,5.755806093893785,0,0,
182,13:50:00,20230103,187296614,5.83,5.83,0,0,0.003726314329787954,14883,12507,-2376,0.5859329816852866071669566825,5.835445440579278,5.759515789199096,0,0,
183,14:00:00,20230103,187296614,5.83,5.83,0,0,0.003706062621473889,12507,37078,24571,0.5934256276288026383652086496,5.834356352463422,5.763039999739141,0,1,
184,14:10:00,20230103,187296614,5.83,5.81,-0.020000000000000462,-0.003430531732418604,0.0037045732653168332,37078,28057,-9021,0.5915330453849105446744347506,5.829485081970737,5.765387999752184,0,0,
185,14:20:00,20230103,187296614,5.81,5.82,0.010000000000000675,0.0017211703958693073,0.003693909809029481,28057,26735,-1322,0.5886060847440407417747442558,5.82758806557659,5.768118599764575,0,0,
186,14:30:00,20230103,187296614,5.82,5.81,-0.010000000000000675,-0.00171821305841936,0.003683344585764186,26735,8221,-18514,0.5891616696788421188813335297,5.824070452461272,5.770212669776346,0,0,
187,14:40:00,20230103,187296614,5.81,5.83,0.020000000000000462,0.003442340791738462,0.003682062650689581,8221,55049,46828,0.6163264694220854467758256820,5.825256361969018,5.773202036287529,0,1,
188,14:50:00,20230103,187296614,5.83,5.83,0,0,0.0036625808377229695,55049,28188,-26861,0.6156472135080694122146432561,5.826205089575215,5.776041934473152,0,0,
189,15:00:00,20230103,187296614,5.83,5.83,0,0,0.003643304096471796,28188,12744,-15444,0.6152906109122717490448908486,5.826964071660171,5.7787398377494945,0,0,
190,15:10:00,20230103,187296614,5.83,5.84,0.009999999999999787,0.0017152658662092258,0.003633209655475657,12744,23728,10984,0.6165817375258157918755061021,5.829571257328137,5.781802845862019,0,0,
191,15:20:00,20230103,187296614,5.84,5.85,0.009999999999999787,0.0017123287671232511,0.003623205067515488,23728,38833,15105,0.6166859455755503360871569803,5.833657005862509,5.785212703568918,0,0,
192,15:30:00,20230103,187296614,5.85,5.87,0.020000000000000462,0.003418803418803498,0.003622145991615426,38833,55037,16204,0.6156527228938992610238331384,5.840925604690007,5.789452068390473,0,0,
193,15:40:00,20230103,187296614,5.87,5.88,0.009999999999999787,0.001703577512776795,0.0036122564633739897,55037,49539,-5498,0.6129941853187167986139183927,5.848740483752006,5.793979464970948,0,0,
194,15:50:00,20230103,187296614,5.88,5.87,-0.009999999999999787,-0.0017006802721088073,0.0036024535085469886,49539,261586,212047,0.6318014219950775719712954706,5.8529923870016045,5.797780491722401,0,1,
195,09:30:00,20230104,187296614,5.87,6.03,0.16000000000000014,0.027257240204429326,0.003723141195770878,261586,75313,-186273,0.6322110619906726452865979634,5.888393909601284,5.8093914671362805,0,0,
196,09:40:00,20230104,187296614,6.03,5.97,-0.0600000000000005,-0.009950248756218987,0.003754750878818838,75313,119971,44658,0.6320118452186709443018231847,5.904715127681027,5.817421893779466,0,0,
197,09:50:00,20230104,187296614,5.97,5.97,0,0,0.003735787490541975,119971,63436,-56535,0.6311998605596372177228311560,5.917772102144822,5.8250507990904925,0,0,
198,10:00:00,20230104,187296614,5.97,5.96,-0.009999999999999787,-0.0016750418760468656,0.0037254319849414973,63436,47012,-16424,0.6293290402278834597673223619,5.926217681715857,5.831798259135968,0,0,
199,10:10:00,20230104,187296614,5.96,6,0.040000000000000036,0.00671140939597316,0.0037403618719966556,47012,44415,-2597,0.6264586011017887119145846185,5.940974145372686,5.840208346179169,0,0,
200,10:20:00,20230104,187296614,6,6,0,0,0.003721753106464334,44415,41529,-2886,0.6236651655140025559400179297,5.952779316298149,5.848197928870211,0,0,
201,10:30:00,20230104,187296614,6,6,0,0,0.0037033285861353023,41529,23210,-18319,0.6227614440946352222522104827,5.962223453038519,5.8557880324267,0,0,
202,10:40:00,20230104,187296614,6,6.06,0.05999999999999961,0.009999999999999934,0.0037343466719178867,23210,111767,88557,0.6384890599903153831501430866,5.981778762430816,5.865998630805365,0,1,
203,10:50:00,20230104,187296614,6.06,6.11,0.05000000000000071,0.008250825082508368,0.0037564862719698007,111767,122827,11060,0.6358442894194684347704632466,6.007423009944652,5.878198699265097,0,0,
204,11:00:00,20230104,187296614,6.11,6.13,0.019999999999999574,0.0032733224222585224,0.0037541293751419407,122827,65109,-57718,0.6350348683345864046043957760,6.031938407955722,5.890788764301842,0,0,
205,11:10:00,20230104,187296614,6.13,6.1,-0.03000000000000025,-0.0048939641109298935,0.0037596625534710086,65109,72007,6898,0.6324664729281681170771925062,6.045550726364577,5.90124932608675,0,0,
206,11:20:00,20230104,187296614,6.1,6.13,0.03000000000000025,0.004918032786885287,0.003765258544936778,72007,49006,-23001,0.6309542062855370496329056953,6.0624405810916615,5.912686859782412,0,0,
207,11:30:00,20230104,187296614,6.13,6.14,0.009999999999999787,0.0016313213703099162,0.003754999231597226,49006,52181,3175,0.6282322532992829107505484549,6.077952464873329,5.924052516793292,0,0,
208,11:40:00,20230104,187296614,6.14,6.14,0,0,0.0037370327280967608,52181,70857,18676,0.6269388360625547462464218664,6.090361971898663,5.934849890953628,0,0,
209,11:50:00,20230104,187296614,6.14,6.15,0.010000000000000675,0.0016286644951141165,0.003726992879368272,70857,57984,-12873,0.6248185357456263894248165329,6.102289577518929,5.945607396405947,0,0,
210,12:00:00,20230104,187296614,6.15,6.13,-0.020000000000000462,-0.0032520325203252783,0.0037247418824059826,57984,27236,-30748,0.6243705057958155574315808959,6.107831662015143,5.954827026585649,0,0,
211,12:10:00,20230104,187296614,6.13,6.13,0,0,0.003707172345224822,27236,15618,-11618,0.6234374740606511467524910437,6.112265329612114,5.9635856752563665,0,0,
212,12:20:00,20230104,187296614,6.13,6.15,0.020000000000000462,0.0032626427406199777,0.0037050853517759733,15618,30554,14936,0.6250003612102806973402682368,6.119812263689692,5.972906391493548,0,1,
213,12:30:00,20230104,187296614,6.15,6.18,0.02999999999999936,0.004878048780487701,0.003710566489293318,30554,58753,28199,0.6263925247038075683456500741,6.131849810951754,5.983261071918871,0,0,
214,12:40:00,20230104,187296614,6.18,6.19,0.010000000000000675,0.0016181229773463877,0.0037008341938889137,58753,73812,15059,0.6246712121055059828699148832,6.1434798487614035,5.993598018322927,0,0,
215,12:50:00,20230104,187296614,6.19,6.17,-0.020000000000000462,-0.0032310177705978126,0.0036986591178551588,73812,54217,-19595,0.6230082515819278379175989546,6.148783879009123,6.00241811740678,0,0,
216,13:00:00,20230104,187296614,6.17,6.2,0.03000000000000025,0.004862236628849311,0.003704021226200754,54217,29839,-24378,0.6222093083375531135454859631,6.159027103207299,6.01229721153644,0,0,
217,13:10:00,20230104,187296614,6.2,6.21,0.009999999999999787,0.0016129032258064171,0.0036944289417952755,29839,36318,6479,0.6203511552782934586951771105,6.169221682565839,6.022182350959619,0,0,
218,13:20:00,20230104,187296614,6.21,6.21,0,0,0.003677559403248265,36318,22569,-13749,0.6192471436497342323894304548,6.177377346052671,6.031573233411638,0,0,
219,13:30:00,20230104,187296614,6.21,6.23,0.020000000000000462,0.0032206119162641648,0.0036754823692165192,22569,29451,6882,0.6178184363752686839318121900,6.187901876842137,6.041494571741056,0,0,
220,13:40:00,20230104,187296614,6.23,6.23,0,0,0.003658851227274363,29451,31516,2065,0.6153401469103859086293770537,6.19632150147371,6.050919843154003,0,0,
221,13:50:00,20230104,187296614,6.23,6.22,-0.010000000000000675,-0.001605136436597219,0.00364960025974879,31516,33263,1747,0.6128180388677346537975165248,6.201057201178967,6.059373850996303,0,0,
222,14:00:00,20230104,187296614,6.22,6.18,-0.040000000000000036,-0.006430868167202578,0.0036620723131454438,33263,70244,36981,0.6150555178281360616035118217,6.196845760943174,6.065405158446488,0,1,
223,14:10:00,20230104,187296614,6.18,6.22,0.040000000000000036,0.00647249190938512,0.003674618829200085,70244,41357,-28887,0.6141456180632908950163759425,6.201476608754539,6.073134900524163,0,0,
224,14:20:00,20230104,187296614,6.22,6.17,-0.04999999999999982,-0.008038585209003187,0.003694014235332543,41357,48641,7284,0.6121988595861561875724992096,6.195181287003631,6.077978155497956,0,0,
225,14:30:00,20230104,187296614,6.17,6.2,0.03000000000000025,0.004862236628849311,0.003699183360967573,48641,31425,-17216,0.6110561216751209558940894178,6.1961450296029055,6.084079247723057,0,0,
226,14:40:00,20230104,187296614,6.2,6.21,0.009999999999999787,0.0016129032258064171,0.003689992699579198,31425,528010,496585,0.6779775816054297218126674236,6.198916023682324,6.090375285336904,0,1,
227,14:50:00,20230104,187296614,6.21,6.23,0.020000000000000462,0.0032206119162641648,0.0036879340119330794,528010,52082,-475928,0.6789573365836258838054268433,6.205132818945859,6.097356521070059,0,0,
228,15:00:00,20230104,187296614,6.23,6.23,0,0,0.0036718294965971273,52082,50569,-1513,0.6761193147805917027985904420,6.210106255156688,6.103988695016556,0,0,
229,15:10:00,20230104,187296614,6.23,6.25,0.019999999999999574,0.003210272873194153,0.003669822728669288,50569,55188,4619,0.6735767983885127145699521785,6.218085004125351,6.111289260265728,0,0,
230,15:20:00,20230104,187296614,6.25,6.25,0,0,0.0036539360501902005,55188,123348,68160,0.6760074230624360218442540359,6.224468003300281,6.1182247972524415,0,1,
231,15:30:00,20230104,187296614,6.25,6.22,-0.03000000000000025,-0.0048000000000000395,0.0036588759810083464,123348,70024,-53324,0.6749569830814435928536645764,6.223574402640224,6.123313557389819,0,0,
232,15:40:00,20230104,187296614,6.22,6.21,-0.009999999999999787,-0.0016077170418006088,0.003650072723758528,70024,133630,63606,0.6759586514374986470529859980,6.220859522112179,6.127647879520328,0,0,
233,15:50:00,20230104,187296614,6.21,6.2,-0.009999999999999787,-0.0016103059581320108,0.003641355771768671,133630,247980,114350,0.6767268666908806111506350584,6.216687617689743,6.131265485544311,0,0,
234,09:30:00,20230105,187296614,6.2,6.13,-0.07000000000000028,-0.011290322580645207,0.0036739045667000605,247980,68742,-179238,0.6769228892184007685079865524,6.199350094151795,6.131202211267095,0,0,
235,09:40:00,20230105,187296614,6.13,6.14,0.009999999999999787,0.0016313213703099162,0.0036652495531560346,68742,25044,-43698,0.6767481364797985012223525747,6.187480075321435,6.131642100703741,0,0,
236,09:50:00,20230105,187296614,6.14,6.11,-0.02999999999999936,-0.004885993485341916,0.0036704003714353,25044,44553,19509,0.6771795324414713454275872102,6.171984060257149,6.130559995668554,0,0,
237,10:00:00,20230105,187296614,6.11,6.15,0.040000000000000036,0.0065466448445171905,0.0036824854322465685,44553,25337,-19216,0.6761464526152097639655653662,6.167587248205718,6.131531995885126,0,0,
238,10:10:00,20230105,187296614,6.15,6.14,-0.010000000000000675,-0.0016260162601627113,0.003673880958723205,25337,52631,27294,0.6778246633603218753336795833,6.162069798564574,6.13195539609087,0,1,
239,10:20:00,20230105,187296614,6.14,6.13,-0.009999999999999787,-0.001628664495113972,0.0036653592234581664,52631,29414,-23217,0.6768384266480137694787107998,6.15565583885166,6.131857626286326,0,0,
240,10:30:00,20230105,187296614,6.13,6.16,0.03000000000000025,0.0048939641109298935,0.0036704571690493355,29414,14264,-15150,0.6761671504186651293590727919,6.1565246710813275,6.13326474497201,0,0,
241,10:40:00,20230105,187296614,6.16,6.18,0.019999999999999574,0.0032467532467531776,0.0036687063263952193,14264,31347,17083,0.6783219572277006949958553833,6.161219736865061,6.135601507723409,0,1,
242,10:50:00,20230105,187296614,6.18,6.18,0,0,0.0036536087694964735,31347,58252,26905,0.6790625905299841705529396812,6.164975789492049,6.1378214323372395,0,0,
243,11:00:00,20230105,187296614,6.18,6.19,0.010000000000000675,0.0016181229773463877,0.0036452666146106127,58252,15717,-42535,0.6792721271318687580726920571,6.1699806315936385,6.140430360720377,0,0,
244,11:10:00,20230105,187296614,6.19,6.18,-0.010000000000000675,-0.001615508885298978,0.003636981889184851,15717,18737,3020,0.6772838679553027412234910747,6.171984505274911,6.142408842684358,0,0,
245,11:20:00,20230105,187296614,6.18,6.16,-0.019999999999999574,-0.003236245954692488,0.0036353528813210605,18737,8056,-10681,0.6768479520977871114248134111,6.169587604219929,6.143288400550141,0,0,
246,11:30:00,20230105,187296614,6.16,6.17,0.009999999999999787,0.0016233766233765888,0.0036272072284548886,8056,3338,-4718,0.6764787314288563811070587982,6.1696700833759435,6.144623980522633,0,0,
247,11:40:00,20230105,187296614,6.17,6.17,0,0,0.00361258139285628,3338,10095,6757,0.6819133576229392748137701737,6.169736066700755,6.145892781496501,0,1,
248,11:50:00,20230105,187296614,6.17,6.15,-0.019999999999999574,-0.0032414910858994447,0.0036110910703383813,10095,20378,10283,0.6832656055069155675113579453,6.1657888533606044,6.1460981424216765,0,0,
249,12:00:00,20230105,187296614,6.15,6.2,0.04999999999999982,0.00813008130081298,0.0036291670312602795,20378,35304,14926,0.6834623693681345437730624399,6.172631082688484,6.148793235300592,0,0,
250,12:10:00,20230105,187296614,6.2,6.2,0,0,0.0036147081984664138,35304,33026,-2278,0.6809964844951889116253148628,6.178104866150787,6.151353573535562,0,0,
251,12:20:00,20230105,187296614,6.2,6.21,0.009999999999999787,0.0016129032258064171,0.0036067645279399853,33026,9120,-23906,0.6811665537363377672893782837,6.184483892920629,6.154285894858783,0,0,
252,12:30:00,20230105,187296614,6.21,6.21,0,0,0.0035925085416635425,9120,52179,43059,0.6971357830849979675018812612,6.189587114336503,6.157071600115844,0,1,
253,12:40:00,20230105,187296614,6.21,6.2,-0.009999999999999787,-0.0016103059581320108,0.0035847045944842845,52179,23198,-28981,0.6965778273000288047978549588,6.191669691469203,6.1592180201100515,0,0,
254,12:50:00,20230105,187296614,6.2,6.2,0,0,0.0035706469294078755,23198,11727,-11471,0.6957852957535793867084489013,6.193335753175362,6.161257119104548,0,0,
255,13:00:00,20230105,187296614,6.2,6.23,0.03000000000000025,0.004838709677419395,0.0035756002995172955,11727,30896,19169,0.6994525559479684616437178119,6.20066860254029,6.164694263149321,0,1,
256,13:10:00,20230105,187296614,6.23,6.22,-0.010000000000000675,-0.001605136436597219,0.003567933124953404,30896,21332,-9564,0.6979354434147242058309516616,6.204534882032232,6.167459549991855,0,0,
257,13:20:00,20230105,187296614,6.22,6.22,0,0,0.00355410392679467,21332,35887,14555,0.6978748729722905041681322810,6.2076279056257855,6.170086572492262,0,0,
258,13:30:00,20230105,187296614,6.22,6.21,-0.009999999999999787,-0.0016077170418006088,0.0035465889195167005,35887,14499,-21388,0.6974814635471508482659044534,6.208102324500628,6.172082243867649,0,0,
259,13:40:00,20230105,187296614,6.21,6.21,0,0,0.0035329481929031745,14499,30271,15772,0.6989826854510566507485670910,6.208481859600503,6.173978131674267,0,1,
260,13:50:00,20230105,187296614,6.21,6.2,-0.009999999999999787,-0.0016103059581320108,0.0035255817475592236,30271,7719,-22552,0.6991590102909621055887825249,6.206785487680403,6.175279225090553,0,0,
261,14:00:00,20230105,187296614,6.2,6.2,0,0,0.00351212532867541,7719,20517,12798,0.7028186582892908371646601243,6.205428390144323,6.176515263836025,0,1,
262,14:10:00,20230105,187296614,6.2,6.2,0,0,0.003498771239973222,20517,16917,-3600,0.7008135084446898598602774040,6.204342712115459,6.177689500644224,0,0,
263,14:20:00,20230105,187296614,6.2,6.19,-0.009999999999999787,-0.0016129032258064171,0.003491627800525621,16917,20238,3321,0.6989025156200167189908506679,6.201474169692366,6.178305025612013,0,0,
264,14:30:00,20230105,187296614,6.19,6.21,0.019999999999999574,0.003231017770597669,0.003490644366450421,20238,24893,4655,0.6971331206445422429241693015,6.203179335753893,6.1798897743314125,0,0,
265,14:40:00,20230105,187296614,6.21,6.23,0.020000000000000462,0.0032206119162641648,0.0034896292068632546,24893,25204,311,0.6945592873791883946108150103,6.208543468603114,6.182395285614842,0,0,
266,14:50:00,20230105,187296614,6.23,6.21,-0.020000000000000462,-0.003210272873194295,0.00348858292846,25204,29907,4703,0.6926568082710174271141613400,6.208834774882491,6.1837755213341,0,0,
267,15:00:00,20230105,187296614,6.21,6.22,0.009999999999999787,0.0016103059581320108,0.0034815744323020595,29907,22553,-7354,0.6909897888734519744356460991,6.211067819905993,6.185586745267395,0,0,
268,15:10:00,20230105,187296614,6.22,6.23,0.010000000000000675,0.0016077170418007517,0.0034746084196979653,22553,26224,3671,0.6890261544789207673377769861,6.214854255924795,6.1878074080040255,0,0,
269,15:20:00,20230105,187296614,6.23,6.21,-0.020000000000000462,-0.003210272873194295,0.003473629399155359,26224,23175,-3049,0.6869048262815308702965218927,6.213883404739836,6.188917037603824,0,0,
270,15:30:00,20230105,187296614,6.21,6.24,0.03000000000000025,0.004830917874396175,0.0034786378437134434,23175,85828,62653,0.6943460393604109655258858458,6.219106723791869,6.191471185723633,0,1,
271,15:40:00,20230105,187296614,6.24,6.21,-0.03000000000000025,-0.004807692307692347,0.0034835240733604245,85828,65908,-19920,0.6926465763155530660594959983,6.217285379033496,6.192397626437452,0,0,
272,15:50:00,20230105,187296614,6.21,6.19,-0.019999999999999574,-0.0032206119162640216,0.003482561025165932,65908,120438,54530,0.6931400519278114749128043805,6.211828303226797,6.192277745115579,0,0,
273,09:30:00,20230106,187296614,6.19,6.18,-0.010000000000000675,-0.001615508885298978,0.0034757469662613084,120438,60841,-59597,0.6924163127493505168254088870,6.205462642581438,6.1916638578598,0,0,
274,09:40:00,20230106,187296614,6.18,6.17,-0.009999999999999787,-0.001618122977346244,0.003468991969937981,60841,37209,-23632,0.6913108799067259568445243040,6.19837011406515,6.190580664966809,0,0,
275,09:50:00,20230106,187296614,6.17,6.17,0,0,0.003456423158452698,37209,22356,-14853,0.6902524260603905324898676364,6.19269609125212,6.189551631718469,0,0,
276,10:00:00,20230106,187296614,6.17,6.21,0.040000000000000036,0.006482982171799033,0.003467349364277053,22356,39109,16753,0.6904658605147038189117614219,6.196156873001696,6.190574050132546,0,0,
277,10:10:00,20230106,187296614,6.21,6.2,-0.009999999999999787,-0.0016103059581320108,0.0034606693520247327,39109,16926,-22183,0.6900224926484626538251201497,6.196925498401357,6.191045347625918,0,0,
278,10:20:00,20230106,187296614,6.2,6.19,-0.009999999999999787,-0.0016129032258064171,0.003454046534368036,16926,7919,-9007,0.6894566052307536301308685151,6.195540398721086,6.190993080244622,0,0,
279,10:30:00,20230106,187296614,6.19,6.23,0.040000000000000036,0.006462035541195482,0.0034647893522495627,7919,32461,24542,0.6980625769187272478328662656,6.202432318976868,6.19294342623239,0,1,
280,10:40:00,20230106,187296614,6.23,6.24,0.009999999999999787,0.0016051364365970765,0.0034581713703433262,32461,33799,1338,0.6957250542008708236615664083,6.209945855181495,6.1952962549207715,0,0,
281,10:50:00,20230106,187296614,6.24,6.24,0,0,0.0034459083512995555,33799,19018,-14781,0.6948087264582716119923159140,6.215956684145196,6.197531442174733,0,0,
282,11:00:00,20230106,187296614,6.24,6.24,0,0,0.003433731996701324,19018,6363,-12655,0.6947048872537197387777511249,6.220765347316157,6.199654870065997,0,0,
283,11:10:00,20230106,187296614,6.24,6.23,-0.009999999999999787,-0.0016025641025640682,0.003427284222426193,6363,17950,11587,0.6986707023878715037693271872,6.222612277852926,6.201172126562697,0,1,
284,11:20:00,20230106,187296614,6.23,6.24,0.009999999999999787,0.0016051364365970765,0.0034208907214232837,17950,29617,11667,0.6984998302561484341328790764,6.226089822282341,6.203113520234562,0,0,
285,11:30:00,20230106,187296614,6.24,6.27,0.02999999999999936,0.004807692307692205,0.0034257396780186296,29617,27843,-1774,0.6962669568340498109203891934,6.234871857825873,6.206457844222834,0,0,
286,11:40:00,20230106,187296614,6.27,6.28,0.010000000000000675,0.0015948963317385448,0.0034193604329096398,27843,16797,-11046,0.6952232548621380612421652650,6.243897486260698,6.210134952011693,0,0,
287,11:50:00,20230106,187296614,6.28,6.28,0,0,0.0034074876536287035,16797,11642,-5155,0.6938749103719018473897650658,6.251117989008558,6.213628204411108,0,0,
288,12:00:00,20230106,187296614,6.28,6.27,-0.010000000000000675,-0.0015923566878981966,0.0034012069236434767,11642,8796,-2846,0.6923198404911189044397042715,6.254894391206847,6.216446794190554,0,0,
289,12:10:00,20230106,187296614,6.27,6.27,0,0,0.0033894786239067752,8796,25383,16587,0.6964350945576382149870331362,6.257915512965477,6.219124454481026,0,1,
290,12:20:00,20230106,187296614,6.27,6.27,0,0,0.0033778309310411162,25383,32909,7526,0.6950607390983729179884580607,6.260332410372381,6.221668231756975,0,0,
291,12:30:00,20230106,187296614,6.27,6.26,-0.009999999999999787,-0.0015948963317384032,0.003371724990632545,32909,14555,-18354,0.6945903933230584711391677422,6.260265928297905,6.223584820169125,0,0,
292,12:40:00,20230106,187296614,6.26,6.25,-0.009999999999999787,-0.0015974440894568351,0.003365669424416928,14555,10100,-4455,0.6932644205975446519438990986,6.258212742638324,6.224905579160669,0,0,
293,12:50:00,20230106,187296614,6.25,6.23,-0.019999999999999574,-0.0031999999999999316,0.003365105922973333,10100,13189,3089,0.6919466558477516968066210691,6.252570194110659,6.225160300202636,0,0,
294,13:00:00,20230106,187296614,6.23,6.25,0.019999999999999574,0.003210272873194153,0.0033645810651774712,13189,44475,31286,0.6976421868066591589497828654,6.2520561552885265,6.2264022851925045,0,1,
295,13:10:00,20230106,187296614,6.25,6.24,-0.009999999999999787,-0.0015999999999999658,0.0033586196426599797,44475,10490,-33985,0.6978668319718577851067271255,6.249644924230822,6.22708217093288,0,0,
296,13:20:00,20230106,187296614,6.24,6.23,-0.009999999999999787,-0.0016025641025640682,0.003352706997743832,10490,4945,-5545,0.6972969054850690884272634171,6.245715939384658,6.227228062386235,0,0,
297,13:30:00,20230106,187296614,6.23,6.27,0.03999999999999915,0.006420545746388306,0.0033630017586453237,4945,29628,24683,0.7117070050381233791539327410,6.250572751507725,6.2293666592669235,0,1,
298,13:40:00,20230106,187296614,6.27,6.28,0.010000000000000675,0.0015948963317385448,0.0033570883625687123,29628,17854,-11774,0.7106557921673925916951774283,6.256458201206181,6.231898326303577,0,0,
299,13:50:00,20230106,187296614,6.28,6.27,-0.010000000000000675,-0.0015923566878981966,0.003351205923653144,17854,18868,1014,0.7084762528459787857633366274,6.259166560964944,6.233803409988399,0,0,
300,14:00:00,20230106,187296614,6.27,6.26,-0.009999999999999787,-0.0015948963317384032,0.003345371008065387,18868,66498,47630,0.7145091553364585574998029052,6.259333248771955,6.235113239488979,0,1,
301,14:10:00,20230106,187296614,6.26,6.27,0.009999999999999787,0.0015974440894568351,0.0033395831705865507,66498,35025,-31473,0.7137104244573560927761403555,6.261466599017563,6.23685757751453,0,0,
302,14:20:00,20230106,187296614,6.27,6.26,-0.009999999999999787,-0.0015948963317384032,0.0033338251282141146,35025,4367,-30658,0.7142437815722298253858524832,6.26117327921405,6.238014698638803,0,0,
303,14:30:00,20230106,187296614,6.26,6.27,0.009999999999999787,0.0015974440894568351,0.0033281133484813603,4367,5733,1366,0.7129232446248750174607894975,6.262938623371241,6.239613963706864,0,0,
304,14:40:00,20230106,187296614,6.27,6.25,-0.019999999999999574,-0.0031897926634768064,0.0033276598380387224,5733,16887,11154,0.7169647363844410567701073060,6.260350898696993,6.2401332655215205,0,1,
305,14:50:00,20230106,187296614,6.25,6.26,0.009999999999999787,0.0015999999999999658,0.0033220138908555893,16887,4623,-12264,0.7169950448238671272312237385,6.260280718957595,6.241126602245444,0,0,
306,15:00:00,20230106,187296614,6.26,6.27,0.009999999999999787,0.0015974440894568351,0.0033163963996458213,4623,29037,24414,0.7318614660866082736946367772,6.262224575166076,6.242570272133173,0,1,
307,15:10:00,20230106,187296614,6.27,6.27,0,0,0.0033056288788677504,29037,29310,273,0.7295158178126464761354913286,6.263779660132862,6.243941758526514,0,0,
308,15:20:00,20230106,187296614,6.27,6.26,-0.009999999999999787,-0.0015948963317384032,0.003300092527582542,29310,40049,10739,0.7283406653999165057800418536,6.2630237281062895,6.244744670600188,0,0,
309,15:30:00,20230106,187296614,6.26,6.26,0,0,0.003289447067816147,40049,62227,22178,0.7277775394784766199514733906,6.262418982485031,6.245507437070178,0,0,
310,15:40:00,20230106,187296614,6.26,6.27,0.009999999999999787,0.0015974440894568351,0.0032840065437699756,62227,45122,-17105,0.7263212794763111656390769544,6.263935185988025,6.24673206521667,0,0,
311,15:50:00,20230106,187296614,6.27,6.27,0,0,0.003273480881770713,45122,99266,54144,0.7278393100256445034889427861,6.26514814879042,6.247895461955837,0,1,
312,09:30:00,20230109,187296614,6.27,6.33,0.0600000000000005,0.009569377990430701,0.003293595569018828,99266,153712,54446,0.7272662958926751014555469451,6.278118519032336,6.252000688858045,0,0,
313,09:40:00,20230109,187296614,6.33,6.33,0,0,0.0032831064111557107,153712,69059,-84653,0.7267040616126547176657004228,6.288494815225869,6.255900654415143,0,0,
314,09:50:00,20230109,187296614,6.33,6.33,0,0,0.0032726838511202955,69059,53906,-15153,0.7250936394320850174462986274,6.296795852180695,6.259605621694385,0,0,
315,10:00:00,20230109,187296614,6.33,6.32,-0.009999999999999787,-0.0015797788309636315,0.0032673265567527113,53906,39988,-13918,0.7236160968481575117278081084,6.301436681744557,6.262625340609666,0,0,
316,10:10:00,20230109,187296614,6.32,6.32,0,0,0.003257019532914375,39988,80768,40780,0.7245504496712943484744968161,6.3051493453956455,6.265494073579182,0,0,
317,10:20:00,20230109,187296614,6.32,6.29,-0.03000000000000025,-0.004746835443038014,0.0032617044886065877,80768,31451,-49317,0.7241921172288171647395477610,6.302119476316516,6.266719369900223,0,0,
318,10:30:00,20230109,187296614,6.29,6.27,-0.020000000000000462,-0.0031796502384738414,0.0032614472652519396,31451,22201,-9250,0.7228438920821553745130209802,6.295695581053213,6.266883401405212,0,0,
319,10:40:00,20230109,187296614,6.27,6.31,0.040000000000000036,0.006379585326953754,0.0032711914466947577,22201,47546,25345,0.7241525525523881439449210665,6.298556464842571,6.2690392313349514,0,1,
320,10:50:00,20230109,187296614,6.31,6.29,-0.019999999999999574,-0.003169572107765384,0.003270874875545445,47546,11794,-35752,0.7242391348945085180301319246,6.296845171874057,6.2700872697682035,0,0,
321,11:00:00,20230109,187296614,6.29,6.31,0.019999999999999574,0.0031796502384737,0.0032705915692191356,11794,31433,19639,0.7271612764937884357423575915,6.299476137499246,6.272082906279794,0,1,
322,11:10:00,20230109,187296614,6.31,6.32,0.010000000000000675,0.001584786053882833,0.003265372357097351,31433,23846,-7587,0.7256572803874671274388846952,6.303580909999397,6.2744787609658035,0,0,
323,11:20:00,20230109,187296614,6.32,6.3,-0.020000000000000462,-0.0031645569620253893,0.003265061198470586,23846,19393,-4453,0.7239939551839597010411934857,6.302864727999517,6.275754822917514,0,0,
324,11:30:00,20230109,187296614,6.3,6.29,-0.009999999999999787,-0.0015873015873015535,0.0032598988612054505,19393,25191,5798,0.7226862010343049833623653811,6.300291782399614,6.276467081771638,0,0,
325,11:40:00,20230109,187296614,6.29,6.29,0,0,0.0032498991714471517,25191,20551,-4640,0.7210343806852983660857353564,6.298233425919691,6.277143727683056,0,0,
326,11:50:00,20230109,187296614,6.29,6.29,0,0,0.0032399606418708608,20551,30092,9541,0.7202491368505803866751591250,6.296586740735753,6.2777865412989025,0,0,
327,12:00:00,20230109,187296614,6.29,6.28,-0.009999999999999787,-0.00158982511923685,0.0032349297408872206,30092,7158,-22934,0.7203768207919703208570998636,6.293269392588603,6.277897214233957,0,0,
328,12:10:00,20230109,187296614,6.28,6.28,0,0,0.0032250971276930347,7158,48143,40985,0.7355907556402074099063175982,6.290615514070883,6.278002353522259,0,1,
329,12:20:00,20230109,187296614,6.28,6.25,-0.03000000000000025,-0.004777070063694307,0.0032298000759839476,48143,60876,12733,0.7341631560616295427482411953,6.282492411256706,6.276602235846147,0,0,
330,12:30:00,20230109,187296614,6.25,6.23,-0.019999999999999574,-0.0031999999999999316,0.003229710045542908,60876,58832,-2044,0.7320465799118648603814736485,6.271993929005365,6.274272124053839,-1,0,
331,12:40:00,20230109,187296614,6.23,6.24,0.009999999999999787,0.0016051364365970765,0.0032248167515400595,58832,43037,-15795,0.7306502840067301028922106307,6.265595143204292,6.272558517851148,0,0,
332,12:50:00,20230109,187296614,6.24,6.24,0,0,0.00321513261715105,43037,24286,-18751,0.7297645320043293721125307904,6.260476114563434,6.2709305919585905,0,0,
333,13:00:00,20230109,187296614,6.24,6.25,0.009999999999999787,0.0016025641025640682,0.003210304567706179,24286,63030,38744,0.7323560226509381791466806095,6.258380891650747,6.269884062360661,0,1,
334,13:10:00,20230109,187296614,6.25,6.25,0,0,0.0032007215689966086,63030,7984,-55046,0.7327768409721030054941618952,6.256704713320597,6.268889859242628,0,0,
335,13:20:00,20230109,187296614,6.25,6.25,0,0,0.0031911956119460233,7984,62438,54454,0.7508947396048143842055037051,6.255363770656478,6.267945366280497,0,1,
336,13:30:00,20230109,187296614,6.25,6.23,-0.019999999999999574,-0.0031999999999999316,0.0031912217377265987,62438,58626,-3812,0.7488477301820809008145009822,6.250291016525182,6.266048097966472,0,0,
337,13:40:00,20230109,187296614,6.23,6.19,-0.040000000000000036,-0.006420545746388448,0.003200775950769977,58626,24007,-34619,0.7483792632847244017345266239,6.2382328132201454,6.262245693068148,0,0,
338,13:50:00,20230109,187296614,6.19,6.19,0,0,0.0031913341338060536,24007,37976,13969,0.7478880912809742198846113177,6.228586250576116,6.25863340841474,0,0,
339,14:00:00,20230109,187296614,6.19,6.21,0.019999999999999574,0.003231017770597669,0.0031914508503848526,37976,43087,5111,0.7460842586626575216468436564,6.224869000460893,6.256201737994004,0,0,
340,14:10:00,20230109,187296614,6.21,6.21,0,0,0.0031820917569819643,43087,26775,-16312,0.7450065419722160977286947218,6.2218952003687145,6.253891651094303,0,0,
341,14:20:00,20230109,187296614,6.21,6.23,0.020000000000000462,0.0032206119162641648,0.003182204389026649,26775,30296,3521,0.7432126727499986711539041723,6.223516160294972,6.252697068539588,0,0,
342,14:30:00,20230109,187296614,6.23,6.21,-0.020000000000000462,-0.003210272873194295,0.0031822862213420067,30296,78039,47743,0.7456402877134925904561204892,6.220812928235977,6.250562215112608,0,1,
343,14:40:00,20230109,187296614,6.21,6.22,0.009999999999999787,0.0016103059581320108,0.003177716511274536,78039,12757,-65282,0.7459045033094485909790177620,6.220650342588781,6.249034104356977,0,0,
344,14:50:00,20230109,187296614,6.22,6.21,-0.009999999999999787,-0.0016077170418006088,0.0031731657881746114,12757,27077,14320,0.7469961452386381042839905750,6.218520274071025,6.247082399139129,0,1,
345,15:00:00,20230109,187296614,6.21,6.21,0,0,0.0031639947887868235,27077,47316,20239,0.7469974885897207260823581919,6.21681621925682,6.2452282791821725,0,0,
346,15:10:00,20230109,187296614,6.21,6.19,-0.019999999999999574,-0.0032206119162640216,0.003164157950537478,47316,29434,-17882,0.7459338852457853514928174147,6.2114529754054555,6.242466865223064,0,0,
347,15:20:00,20230109,187296614,6.19,6.18,-0.010000000000000675,-0.001615508885298978,0.0031597078095454132,29434,38480,9046,0.7446735340159615604477597025,6.2051623803243645,6.239343521961911,0,0,
348,15:30:00,20230109,187296614,6.18,6.17,-0.009999999999999787,-0.001618122977346244,0.0031552906610290833,38480,58342,19862,0.7440187795951829919772536983,6.198129904259492,6.235876345863815,0,0,
349,15:40:00,20230109,187296614,6.17,6.17,0,0,0.0031462755448547143,58342,56551,-1791,0.7419807210713485494478366679,6.192503923407593,6.2325825285706244,0,0,
350,15:50:00,20230109,187296614,6.17,6.16,-0.009999999999999787,-0.0016207455429497223,0.0031419293055330475,56551,94003,37452,0.7417536234497474829058375108,6.1860031387260745,6.228953402142093,0,0,
351,09:30:00,20230110,187296614,6.16,6.15,-0.009999999999999787,-0.0016233766233765888,0.003137615235413285,94003,59075,-34928,0.7407019444334241821554142457,6.17880251098086,6.2250057320349885,0,0,
352,09:40:00,20230110,187296614,6.15,6.12,-0.03000000000000025,-0.004878048780487845,0.003142545642056556,59075,13133,-45942,0.7408067246982287514868647068,6.167042008784689,6.219755445433239,0,0,
353,09:50:00,20230110,187296614,6.12,6.12,0,0,0.003133668394480125,13133,22496,9363,0.7407279963136870638605167538,6.157633607027751,6.214767673161577,0,0,
354,10:00:00,20230110,187296614,6.12,6.15,0.03000000000000025,0.004901960784313766,0.0031386494998036,22496,28519,6023,0.7393956258634695974453786404,6.156106885622201,6.211529289503498,0,0,
355,10:10:00,20230110,187296614,6.15,6.16,0.009999999999999787,0.001626016260162567,0.003134400530029327,28519,16707,-11812,0.7384820988816545676220177553,6.156885508497761,6.208952825028323,0,0,
356,10:20:00,20230110,187296614,6.16,6.18,0.019999999999999574,0.0032467532467531776,0.0031347152435215507,16707,28690,11983,0.7384226091617321072263834172,6.161508406798209,6.207505183776907,0,0,
357,10:30:00,20230110,187296614,6.18,6.16,-0.019999999999999574,-0.003236245954692488,0.003134998848860017,28690,16774,-11916,0.7375201335890187745528685238,6.161206725438567,6.205129924588062,0,0,
358,10:40:00,20230110,187296614,6.16,6.14,-0.020000000000000462,-0.0032467532467533216,0.0031353101424474636,16774,11097,-5677,0.7364084909983629544259593869,6.1569653803508535,6.201873428358659,0,0,
359,10:50:00,20230110,187296614,6.14,6.16,0.020000000000000462,0.0032573289902280886,0.0031356490836912986,11097,32915,21818,0.7398243478804509978147469292,6.157572304280683,6.199779756940726,0,1,
360,11:00:00,20230110,187296614,6.16,6.15,-0.009999999999999787,-0.0016233766233765888,0.0031314599633026153,32915,14970,-17945,0.7392852005501130085767009428,6.156057843424547,6.19729076909369,0,0,
361,11:10:00,20230110,187296614,6.15,6.16,0.009999999999999787,0.001626016260162567,0.0031273012790397976,14970,24250,9280,0.7389554250779467254139863399,6.156846274739638,6.195426230639005,0,0,
362,11:20:00,20230110,187296614,6.16,6.15,-0.009999999999999787,-0.0016233766233765888,0.003123158235911249,24250,17116,-7134,0.7377301637609559886452164477,6.155477019791711,6.193154919107055,0,0,
363,11:30:00,20230110,187296614,6.15,6.18,0.02999999999999936,0.004878048780487701,0.0031279793637809645,17116,14472,-2644,0.7361278153569607995955688709,6.160381615833368,6.192497173151702,0,0,
364,11:40:00,20230110,187296614,6.18,6.19,0.010000000000000675,0.0016181229773463877,0.003123842770941418,14472,14595,123,0.7341343122212228347978400355,6.166305292666694,6.192372314494117,0,0,
365,11:50:00,20230110,187296614,6.19,6.19,0,0,0.0031153076814033264,14595,10750,-3845,0.7328482796352319090796090979,6.171044234133355,6.192253698769411,0,0,
366,12:00:00,20230110,187296614,6.19,6.17,-0.020000000000000462,-0.0032310177705978126,0.0031156229677499056,10750,22797,12047,0.7339049632405601536718134455,6.170835387306684,6.19114101383094,0,1,
367,12:10:00,20230110,187296614,6.17,6.18,0.009999999999999787,0.0016207455429497223,0.003111560800834688,22797,7996,-14801,0.7336749282713571299826676184,6.1726683098453465,6.190583963139393,0,0,
368,12:20:00,20230110,187296614,6.18,6.2,0.020000000000000462,0.0032362459546926314,0.0031118987009806443,7996,8422,426,0.7318310304666086271366167440,6.178134647876277,6.1910547649824235,0,0,
369,12:30:00,20230110,187296614,6.2,6.21,0.009999999999999787,0.0016129032258064171,0.0031078473618585518,8422,10638,2216,0.7305642449760370296288845541,6.184507718301021,6.192002026733302,0,0,
370,12:40:00,20230110,187296614,6.21,6.21,0,0,0.0030994704147915475,10638,6131,-4507,0.7297370363986249545420164750,6.189606174640817,6.1929019253966375,0,0,
371,12:50:00,20230110,187296614,6.21,6.23,0.020000000000000462,0.0032206119162641648,0.0030997960639890547,6131,13739,7608,0.7311111488457866685898322188,6.197684939712653,6.194756829126805,1,1,BUY
372,13:00:00,20230110,187296614,6.23,6.24,0.009999999999999787,0.0016051364365970765,0.0030957889336207115,13739,16479,2740,0.7296857363102515843118798633,6.206147951770123,6.197018987670465,0,0,
373,13:10:00,20230110,187296614,6.24,6.23,-0.009999999999999787,-0.0016025641025640682,0.003091796353858528,16479,8398,-8081,0.7290458859402203314650585373,6.210918361416098,6.198668038286942,0,0,
374,13:20:00,20230110,187296614,6.23,6.24,0.009999999999999787,0.0016051364365970765,0.0030878319274124976,8398,7882,-516,0.7272656121130786404771587003,6.2167346891328785,6.200734636372595,0,0,
375,13:30:00,20230110,187296614,6.24,6.25,0.009999999999999787,0.0016025641025640682,0.0030838817470272622,7882,40511,32629,0.7363411965464106851290449787,6.223387751306303,6.203197904553965,0,1,
376,13:40:00,20230110,187296614,6.25,6.25,0,0,0.00307570168934284,40511,6683,-33828,0.7366029770869226446298922947,6.228710201045042,6.205538009326267,0,0,
377,13:50:00,20230110,187296614,6.25,6.25,0,0,0.0030675649123869065,6683,22702,16019,0.7409955020294357478309934183,6.232968160836034,6.207761108859954,0,1,
378,14:00:00,20230110,187296614,6.25,6.27,0.019999999999999574,0.0031999999999999316,0.0030679143453357536,22702,16329,-6373,0.7397810657846925986858738465,6.240374528668827,6.2108730534169565,0,0,
379,14:10:00,20230110,187296614,6.27,6.27,0,0,0.0030598408865322385,16329,7254,-9075,0.7392967990098557334632087086,6.246299622935062,6.213829400746109,0,0,
380,14:20:00,20230110,187296614,6.27,6.27,0,0,0.0030518098080898966,7254,22572,15318,0.7428988088051510457823266553,6.25103969834805,6.216637930708804,0,1,
381,14:30:00,20230110,187296614,6.27,6.26,-0.009999999999999787,-0.0015948963317384032,0.0030479958984659396,22572,13243,-9329,0.7420359838169167846668318202,6.25283175867844,6.2188060341733635,0,0,
382,14:40:00,20230110,187296614,6.26,6.27,0.009999999999999787,0.0015974440894568351,0.0030442085569280567,13243,13617,374,0.7401722902169899246459324882,6.256265406942752,6.221365732464696,0,0,
383,14:50:00,20230110,187296614,6.27,6.25,-0.019999999999999574,-0.0031897926634768064,0.0030445876822055274,13617,16977,3360,0.7388873373402464024930354388,6.255012325554202,6.2227974458414606,0,0,
384,15:00:00,20230110,187296614,6.25,6.27,0.019999999999999574,0.0031999999999999316,0.003044991350563435,16977,24729,7752,0.7381541696510312208874981898,6.258009860443362,6.225157573549388,0,0,
385,15:10:00,20230110,187296614,6.27,6.27,0,0,0.0030371027719350322,24729,15140,-9589,0.7372464214259395849569827032,6.26040788835469,6.227399694871918,0,0,
386,15:20:00,20230110,187296614,6.27,6.27,0,0,0.0030292549611548383,15140,15113,-27,0.7353460000665704026966239639,6.262326310683752,6.229529710128323,0,0,
387,15:30:00,20230110,187296614,6.27,6.28,0.010000000000000675,0.0015948963317385448,0.003025558160563559,15113,44698,29585,0.7384961036336151469810977531,6.265861048547002,6.2320532246219065,0,1,
388,15:40:00,20230110,187296614,6.28,6.29,0.009999999999999787,0.0015923566878980552,0.00302187383801172,44698,59160,14462,0.7374294019586889942009741042,6.270688838837602,6.234950563390811,0,0,
389,15:50:00,20230110,187296614,6.29,6.28,-0.009999999999999787,-0.00158982511923685,0.0030182019182199895,59160,130494,71334,0.7386303033204946129967244541,6.272551071070081,6.23720303522127,0,1,
