N-term, time, date, conId, Previous Price, Current Price, Difference in Price ($), Difference in Price (%), cumulativeAggregatedAvg, Previous Volume, Current Volume, Difference in Volume, cumulativeAggregatedAvgVolume, SMA 5, SMA20, Crossing SMA Condition, Volume Condition, Order
0,09:30:00,20221227,296574745,80.02,79.94,-0.0799999999999983,-0.0009997500624843577,0.0009997500624843577,3030,3030,0,0,,,0,0,
1,09:40:00,20221227,296574745,79.94,79.84,-0.09999999999999432,-0.0012509382036526686,0.0011253441330685131,3030,4048,1018,0.167986798679867986798679868,,,0,1,
2,09:50:00,20221227,296574745,79.84,79.98,0.14000000000000057,0.001753507014028063,0.0013347317600550298,4048,2141,-1907,0.2690234784348000017393043652,,,0,0,
3,10:00:00,20221227,296574745,79.98,80.14,0.1599999999999966,0.002000500125031215,0.0015011738512990761,2141,1856,-285,0.2350464504888744057883643085,,,0,0,
4,10:10:00,20221227,296574745,80.14,80.47,0.3299999999999983,0.0041177938607436775,0.0020244978531879965,1856,4029,2173,0.4221966431497202142858638606,53.878140800000004,,0,1,
5,10:20:00,20221227,296574745,80.47,80.6,0.12999999999999545,0.0016155088852988126,0.001956333025206466,4029,2836,-1193,0.4011810778626257018610377874,59.22251264,,0,0,
6,10:30:00,20221227,296574745,80.6,80.46,-0.14000000000000057,-0.0017369727047146474,0.0019249958365647776,2836,3232,396,0.3638171076420732894855641240,63.470010112,,0,0,
7,10:40:00,20221227,296574745,80.46,80.56,0.10000000000000853,0.0012428535918469865,0.0018397280559750537,3232,1973,-1259,0.3670327290878042273097695986,66.88800808959999,,0,0,
8,10:50:00,20221227,296574745,80.56,80.39,-0.1700000000000017,-0.0021102284011916793,0.0018697836498880122,1973,1189,-784,0.3704029169297686503270486763,69.58840647167999,,0,0,
9,11:00:00,20221227,296574745,80.39,80.58,0.18999999999999773,0.002363478044532874,0.0019191530893524983,1189,2122,933,0.4118319271711904396257147086,71.78672517734398,,0,1,
10,11:10:00,20221227,296574745,80.58,80.65,0.07000000000000739,0.0008687019111442962,0.0018236575276972071,2122,2687,565,0.3985979562407960384224859102,73.55938014187518,,0,0,
11,11:20:00,20221227,296574745,80.65,80.94,0.28999999999999204,0.0035957842529447245,0.001971334754801167,2687,2964,277,0.3739722054524627374908018871,75.03550411350014,,0,0,
12,11:30:00,20221227,296574745,80.94,80.9,-0.03999999999999204,-0.0004941932295526568,0.0018577084836282046,2964,3183,219,0.3508887003927435546318084065,76.2084032908001,,0,0,
13,11:40:00,20221227,296574745,80.9,80.89,-0.010000000000005116,-0.00012360939431403108,0.0017338442629629065,3183,1678,-1505,0.3595983917587032796353305519,77.14472263264008,,0,0,
14,11:50:00,20221227,296574745,80.89,80.96,0.06999999999999318,0.0008653727283965036,0.0016759461606584796,1678,2107,429,0.3526692657606459056493120908,77.90777810611206,,0,0,
15,12:00:00,20221227,296574745,80.96,80.95,-0.009999999999990905,-0.0001235177865611525,0.0015789193872773966,2107,3435,1328,0.3700199378371266566221674368,78.51622248488965,,0,1,
16,12:10:00,20221227,296574745,80.95,80.81,-0.14000000000000057,-0.0017294626312538673,0.001587774872217189,3435,1662,-1773,0.3786162476843647752025742328,78.97497798791173,,0,0,
17,12:20:00,20221227,296574745,80.81,80.82,0.009999999999990905,0.00012374706100718854,0.0015064399938166334,1662,1865,203,0.3643676782348590172006127949,79.34398239032939,,0,0,
18,12:30:00,20221227,296574745,80.82,80.62,-0.19999999999998863,-0.002474634991338637,0.0015573976252651598,1865,1585,-280,0.3530922240255176296719224361,79.59918591226352,,0,0,
19,12:40:00,20221227,296574745,80.62,80.79,0.1700000000000017,0.0021086579012652156,0.0015849606390651626,1585,1360,-225,0.3425354046223490037088310462,79.83734872981083,51.73269606791487,0,0,
20,12:50:00,20221227,296574745,80.79,80.85,0.05999999999998806,0.0007426661715557378,0.001544851378707571,1360,1297,-63,0.3284300772313687990504273269,80.03987898384867,53.18856126451912,0,0,
21,13:00:00,20221227,296574745,80.85,80.45,-0.3999999999999915,-0.004947433518861985,0.0016995142032600443,1297,2037,740,0.3394354108625076042523476941,80.12190318707894,54.551633201293164,0,1,
22,13:10:00,20221227,296574745,80.45,80.71,0.2599999999999909,0.0032318210068364313,0.001766136238198148,2037,1803,-234,0.3296719067339526536672581068,80.23952254966315,55.859551541228505,0,0,
23,13:20:00,20221227,296574745,80.71,80.43,-0.2799999999999869,-0.0034692107545531772,0.0018370976763796075,1803,1201,-602,0.3298475758076881723730709565,80.27761803973051,57.08807396416708,0,0,
24,13:30:00,20221227,296574745,80.43,80.43,0,0,0.0017636137693244232,1201,1791,590,0.3363039641991941342375153122,80.30809443178441,58.25517026595873,0,0,
25,13:40:00,20221227,296574745,80.43,80.39,-0.04000000000000625,-0.0004973268680841259,0.0017149104269690272,1791,1508,-283,0.3294465918700106807646082572,80.32447554542753,59.361911752660795,0,0,
26,13:50:00,20221227,296574745,80.39,80.17,-0.21999999999999886,-0.002736658788406504,0.001752752958874119,1508,2019,511,0.3297952150024407793353659630,80.29358043634201,60.402316165027756,0,0,
27,14:00:00,20221227,296574745,80.17,79.91,-0.2600000000000051,-0.0032431083946614083,0.001805979938723665,2019,3698,1679,0.3477168073910007465490130323,80.2168643490736,61.377700356776366,0,1,
28,14:10:00,20221227,296574745,79.91,79.58,-0.3299999999999983,-0.004129645851583009,0.0018861063495119183,3698,3621,-77,0.3364445749286080201849182728,80.08949147925888,62.28781533893755,0,0,
29,14:20:00,20221227,296574745,79.58,79.66,0.0799999999999983,0.0010052777079668045,0.001856745394793748,3621,9567,5946,0.3799660164657847702439296963,80.0035931834071,63.15642457199067,0,1,
30,14:30:00,20221227,296574745,79.66,79.52,-0.14000000000000057,-0.0017574692442882322,0.0018535429383258282,9567,2002,-7565,0.3932167578262808205211808810,79.90687454672567,63.97460334339114,0,0,
31,14:40:00,20221227,296574745,79.52,79.57,0.04999999999999716,0.0006287726358148537,0.0018152688663723602,2002,611,-1391,0.4026413964818718825422316408,79.83949963738054,64.75437317622158,0,0,
32,14:50:00,20221227,296574745,79.57,79.53,-0.03999999999999204,-0.0005027020233755441,0.0017754941135542748,611,660,49,0.3928703359625829017242331519,79.77759970990444,65.4931545174105,0,0,
33,15:00:00,20221227,296574745,79.53,79.38,-0.15000000000000568,-0.0018860807242550696,0.0017787466609278275,660,585,-75,0.3846575720706352762724508934,79.69807976792355,66.18749679153997,0,0,
34,15:10:00,20221227,296574745,79.38,79.47,0.09000000000000341,0.0011337868480726053,0.0017603192377033925,585,373,-212,0.3840214460798503367550206725,79.65246381433884,66.85162195196297,0,0,
35,15:20:00,20221227,296574745,79.47,79.53,0.060000000000002274,0.0007550018875047474,0.0017323937557534301,373,401,28,0.3754393788034291142639853202,79.62797105147108,67.48554085436481,0,0,
36,15:30:00,20221227,296574745,79.53,79.56,0.030000000000001137,0.00037721614485101393,0.0016957673338371486,401,294,-107,0.3725040690440319939013878872,79.61437684117686,68.08926381164657,0,0,
37,15:40:00,20221227,296574745,79.56,79.68,0.12000000000000455,0.0015082956259427419,0.0016908338678399274,294,392,98,0.3714732602095399238864390832,79.62750147294149,68.66880062106424,0,0,
38,15:50:00,20221227,296574745,79.68,79.72,0.03999999999999204,0.0005020080321284142,0.0016603511541037348,392,387,-5,0.3622753587180341906209050617,79.64600117835319,69.22136059001103,0,0,
39,09:30:00,20221228,296574745,79.72,78.86,-0.8599999999999994,-0.010787757150025081,0.0018885363040017685,387,3407,3020,0.5483089140265691239690775256,79.48880094268256,69.70329256051048,0,1,
40,09:40:00,20221228,296574745,78.86,78.52,-0.3400000000000034,-0.004311437991377167,0.0019476314671084856,3407,4449,1042,0.5423950604103520027955778647,79.29504075414604,70.14412793248495,0,0,
41,09:50:00,20221228,296574745,78.52,77.98,-0.539999999999992,-0.006877228731533266,0.0020650028305471708,4449,7958,3509,0.5482598581510660420101818639,79.03203260331684,70.53592153586071,0,0,
42,10:00:00,20221228,296574745,77.98,78.16,0.1799999999999926,0.0023082841754295024,0.0020706605362421087,7958,4842,-3116,0.5446155746418105215676345741,78.85762608265347,70.91712545906768,0,0,
43,10:10:00,20221228,296574745,78.16,77.56,-0.5999999999999943,-0.007676560900716407,0.0021980673627074337,4842,5618,776,0.5358803196175171860496738957,78.59810086612278,71.24926918611429,0,0,
44,10:20:00,20221228,296574745,77.56,77.57,0.009999999999990905,0.0001289324394016362,0.0021520865866339715,5618,4940,-678,0.5266537240097041582769312512,78.39248069289822,71.56530572680857,0,0,
45,10:30:00,20221228,296574745,77.57,77.73,0.1600000000000108,0.00206265308753398,0.002150142380131798,4940,3660,-1280,0.5208375411342951697982829482,78.25998455431858,71.87354044046815,0,0,
46,10:40:00,20221228,296574745,77.73,77.64,-0.09000000000000341,-0.0011578541103821358,0.0021290298637541456,3660,3305,-355,0.5118196048446107126336409555,78.13598764345487,72.16186341844474,0,0,
47,10:50:00,20221228,296574745,77.64,77.57,-0.07000000000000739,-0.0009015971148893275,0.002103458348152795,3305,2908,-397,0.5036592178425214639873084835,78.0227901147639,72.43227024752251,0,0,
48,11:00:00,20221228,296574745,77.57,77.38,-0.18999999999999773,-0.0024494005414464064,0.0021105183929138894,2908,3192,284,0.4953735526438713473683046582,77.89423209181112,72.67965673514638,0,0,
49,11:10:00,20221228,296574745,77.38,77.73,0.3500000000000085,0.004523132592401248,0.0021587706769036364,3192,2866,-326,0.4875086881072846472379811716,77.8613856734489,72.93217389838905,0,0,
50,11:20:00,20221228,296574745,77.73,77.81,0.0799999999999983,0.0010292036536729485,0.0021366223038991133,2866,4307,1441,0.4878083480821387323262776698,77.85110853875912,73.1760652034696,0,0,
51,11:30:00,20221228,296574745,77.81,78.3,0.4899999999999949,0.006297391080837872,0.0022166370880710123,4307,4583,276,0.4796597592232606469191172426,77.94088683100729,73.43226194329613,0,0,
52,11:40:00,20221228,296574745,78.3,78.14,-0.1599999999999966,-0.002043422733077862,0.002213368892693783,4583,2145,-2438,0.4806466686937804780224551966,77.98070946480584,73.66764884613131,0,0,
53,11:50:00,20221228,296574745,78.14,78.12,-0.01999999999999602,-0.0002559508574353215,0.002177120410559367,2145,1414,-731,0.4780567774363501134764984808,78.00856757184467,73.89026640382475,0,0,
54,12:00:00,20221228,296574745,78.12,78.1,-0.020000000000010232,-0.0002560163850487741,0.0021421912464591746,1414,1978,564,0.4766169898152237272034398611,78.02685405747573,74.10075308363352,0,0,
55,12:10:00,20221228,296574745,78.1,77.89,-0.20999999999999375,-0.0026888604353392286,0.002151953196260604,1978,1441,-537,0.4729539426729577972199752861,77.99948324598058,74.29021542945183,0,0,
56,12:20:00,20221228,296574745,77.89,78.1,0.20999999999999375,0.002696109898574833,0.0021614998050731343,1441,1325,-116,0.4660687796965679584652851417,78.01958659678446,74.48070465797925,0,0,
57,12:30:00,20221228,296574745,78.1,78.16,0.060000000000002274,0.000768245838668403,0.002137478184962708,1325,1932,607,0.4659316146595093697214139275,78.04766927742757,74.66466942508029,0,0,
58,12:40:00,20221228,296574745,78.16,78.15,-0.009999999999990905,-0.00012794268167849162,0.0021034182611782298,1932,1095,-837,0.4653773468460362663921005637,78.06813542194206,74.83893595382628,0,0,
59,12:50:00,20221228,296574745,78.15,78.33,0.1799999999999926,0.002303262955854032,0.0021067490060894933,1095,2415,1320,0.4777123819328489039613646411,78.12050833755364,75.01348915613497,0,1,
60,13:00:00,20221228,296574745,78.33,78.4,0.07000000000000739,0.000893655049151122,0.0020868622199101757,2415,1320,-1095,0.4773140830334304462139071819,78.17640667004292,75.18281469832822,0,0,
61,13:10:00,20221228,296574745,78.4,78.49,0.0899999999999892,0.0011479591836733316,0.002071718622551517,1320,3421,2101,0.4952875118017084497695968510,78.23912533603433,75.3481739634118,0,1,
62,13:20:00,20221228,296574745,78.49,78.18,-0.30999999999998806,-0.003949547713084318,0.0021015254335123553,3421,1580,-1841,0.4959678170226192360584765027,78.22730026882746,75.48976526524122,0,0,
63,13:30:00,20221228,296574745,78.18,78.2,0.01999999999999602,0.000255819902788386,0.0020726862845947933,1580,1151,-429,0.4924608040588560003684805289,78.22184021506197,75.62527700197916,0,0,
64,13:40:00,20221228,296574745,78.2,78.29,0.09000000000000341,0.0011508951406650051,0.002058504882380489,1151,2061,910,0.4970478202257778307978847782,78.23547217204958,75.75851315188021,0,1,
65,13:50:00,20221228,296574745,78.29,78.25,-0.04000000000000625,-0.0005109209349853909,0.0020350566407532906,2061,1566,-495,0.4931558028358279086559821969,78.23837773763967,75.88308749428619,0,0,
66,14:00:00,20221228,296574745,78.25,78.33,0.0799999999999983,0.0010223642172523743,0.0020199418284622323,1566,1420,-146,0.4871867783486764389455757224,78.25670219011174,76.00543311957188,0,0,
67,14:10:00,20221228,296574745,78.33,78.45,0.12000000000000455,0.0015319800842589627,0.0020127659204592432,1420,2435,1015,0.4905338659081718765667157646,78.29536175208939,76.12766146359328,0,0,
68,14:20:00,20221228,296574745,78.45,78.92,0.46999999999999886,0.005991077119184179,0.002070422604498735,2435,9110,6675,0.5231532751068362903426289099,78.42028940167151,76.26727839041362,0,1,
69,14:30:00,20221228,296574745,78.92,78.93,0.010000000000005116,0.00012671059300564007,0.002042655290048834,9110,2393,-6717,0.5262128229565724066904078822,78.5222315213372,76.40041447089294,0,0,
70,14:40:00,20221228,296574745,78.93,78.84,-0.09000000000000341,-0.0011402508551881846,0.002029945368431078,2393,1179,-1214,0.5259466282140718165347888168,78.58578521706977,76.5223937473483,0,0,
71,14:50:00,20221228,296574745,78.84,78.82,-0.020000000000010232,-0.00025367833587024646,0.0020052749929788446,1179,570,-609,0.5258159728250369627074573210,78.63262817365582,76.6372740599809,0,0,
72,15:00:00,20221228,296574745,78.82,78.72,-0.09999999999999432,-0.001268713524486099,0.001995185109848807,570,710,140,0.5219775901163065837422265911,78.65010253892466,76.74141035698185,0,0,
73,15:10:00,20221228,296574745,78.72,78.71,-0.010000000000005116,-0.00012703252032526824,0.0019699398045849754,710,945,235,0.5193966215403153832386677620,78.66208203113973,76.83983983913275,0,0,
74,15:20:00,20221228,296574745,78.71,78.75,0.04000000000000625,0.0005081946385466429,0.0019504498690377976,945,344,-601,0.5209510510661623245132985763,78.67966562491179,76.93534784717612,0,0,
75,15:30:00,20221228,296574745,78.75,78.76,0.010000000000005116,0.00012698412698419195,0.0019264568987476186,344,497,153,0.5199486351555610454575850393,78.69573249992943,77.02658045481732,0,0,
76,15:40:00,20221228,296574745,78.76,78.61,-0.15000000000000568,-0.001904520060944714,0.0019261720047501784,497,424,-73,0.5151036046694675013463613396,78.67858599994355,77.10575143207645,0,0,
77,15:50:00,20221228,296574745,78.61,78.65,0.04000000000000625,0.00050884111436212,0.0019080010958990494,424,409,-15,0.5089532681799944056590470796,78.67286879995484,77.18296386047263,0,0,
78,09:30:00,20221229,296574745,78.65,77.89,-0.7600000000000051,-0.009663064208518818,0.002006166451754996,409,4208,3799,0.6200868794366680551309126902,78.51629503996388,77.21831566744899,0,1,
79,09:40:00,20221229,296574745,77.89,77.92,0.030000000000001137,0.0003851585569392879,0.0019859038530697995,4208,3003,-1205,0.6159152848885766245938675363,78.3970360319711,77.25339988407654,0,0,
80,09:50:00,20221229,296574745,77.92,77.78,-0.14000000000000057,-0.0017967145790554488,0.00198356818302024,3003,2694,-309,0.6095817270862127514149666668,78.27362882557688,77.27972988987271,0,0,
81,10:00:00,20221229,296574745,77.78,77.61,-0.1700000000000017,-0.0021856518385189212,0.0019860326178433945,2694,2379,-315,0.6035737365527315866209713375,78.14090306046151,77.29624339537908,0,0,
82,10:10:00,20221229,296574745,77.61,77.42,-0.18999999999999773,-0.002448138126530057,0.0019916001540926315,2379,3009,630,0.5994923318962294193411519803,77.99672244836921,77.30243122561012,0,0,
83,10:20:00,20221229,296574745,77.42,77.47,0.04999999999999716,0.0006458279514337013,0.00197557905644193,3009,2062,-947,0.5961022148399547737430355110,77.89137795869537,77.31080966432961,0,0,
84,10:30:00,20221229,296574745,77.47,77.78,0.3100000000000023,0.00400154898670456,0.001999413996797961,2062,2077,15,0.5891748298510805411678193347,77.8691023669563,77.33426918111313,0,0,
85,10:40:00,20221229,296574745,77.78,77.68,-0.09999999999999432,-0.0012856775520698677,0.0019911147358127506,2077,2522,445,0.5848152542019404896399808783,77.83128189356503,77.35155572205747,0,0,
86,10:50:00,20221229,296574745,77.68,77.54,-0.14000000000000057,-0.0018022657054582976,0.001988944057302929,2522,1583,-939,0.5823728208517563905630211958,77.77302551485202,77.3609779359546,0,0,
87,11:00:00,20221229,296574745,77.54,77.7,0.1599999999999966,0.0020634511220015035,0.001989790728492686,1583,5815,4232,0.6061345493347265108304847105,77.75842041188162,77.37792903915687,0,1,
88,11:10:00,20221229,296574745,77.7,78.01,0.3100000000000023,0.003989703989704019,0.0020122616640119145,5815,5864,49,0.5994187283672915843801397704,77.8087363295053,77.40953258719902,0,0,
89,11:20:00,20221229,296574745,78.01,77.86,-0.15000000000000568,-0.001922830406358232,0.002011267983371318,5864,3341,-2523,0.5975391023570865710202694892,77.81898906360423,77.43205595783907,0,0,
90,11:30:00,20221229,296574745,77.86,78.17,0.3100000000000023,0.003981505265861832,0.0020329189425195657,3341,2424,-917,0.5939888783964541807910536515,77.88919125088339,77.46895315994712,0,0,
91,11:40:00,20221229,296574745,78.17,78.18,0.010000000000005116,0.00012792631444294634,0.002012212500910037,2424,1663,-761,0.5909449111789866238682638231,77.94735300070671,77.50450550194977,0,0,
92,11:50:00,20221229,296574745,78.18,78.06,-0.12000000000000455,-0.0015349194167306797,0.002007080317209184,1663,1524,-139,0.5854894162689545225647966939,77.96988240056537,77.53228022685228,0,0,
93,12:00:00,20221229,296574745,78.06,77.97,-0.09000000000000341,-0.001152959262106116,0.00199799392300596,1524,2032,508,0.5828069047483628077857385730,77.96990592045229,77.55416621550967,0,0,
94,12:10:00,20221229,296574745,77.97,77.76,-0.20999999999999375,-0.0026933435936898004,0.0020053133932236844,2032,2229,197,0.5776926091078288602856317517,77.92792473636183,77.56445790473418,0,0,
95,12:20:00,20221229,296574745,77.76,77.8,0.03999999999999204,0.0005144032921809675,0.001989783079671156,2229,996,-1233,0.5774370908181373388187151917,77.90233978908947,77.57623500949748,0,0,
96,12:30:00,20221229,296574745,77.8,77.66,-0.14000000000000057,-0.0017994858611825267,0.001987821252676428,996,1305,309,0.5746824915710990331272540861,77.85387183127158,77.5804232590226,0,0,
97,12:40:00,20221229,296574745,77.66,77.7,0.04000000000000625,0.0005150656708731168,0.0019727931344947613,1305,1952,647,0.5738774196225472758496634490,77.82309746501727,77.58640209607147,0,0,
98,12:50:00,20221229,296574745,77.7,77.66,-0.04000000000000625,-0.0005148005148005952,0.0019580659363160322,1952,1265,-687,0.5716356953971829135666978139,77.79047797201382,77.5900819912679,0,0,
99,13:00:00,20221229,296574745,77.66,77.96,0.29999999999999716,0.003862992531547736,0.0019771152022683494,1265,1249,-16,0.5660458206566498196088964484,77.82438237761104,77.6085778917045,0,0,
100,13:10:00,20221229,296574745,77.96,77.95,-0.009999999999990905,-0.00012827090815791312,0.001958809813217751,1249,1293,44,0.5607902004773368197064674821,77.84950590208884,77.62564899711927,0,0,
101,13:20:00,20221229,296574745,77.95,77.93,-0.01999999999999602,-0.0002565747273893011,0.001942121233944923,1293,965,-328,0.5577792536807306863194479163,77.86560472167108,77.64086654726331,0,0,
102,13:30:00,20221229,296574745,77.93,77.82,-0.11000000000001364,-0.0014115231618120575,0.0019369697963514002,965,777,-188,0.5542553643522744751187007234,77.85648377733686,77.64982321990016,0,0,
103,13:40:00,20221229,296574745,77.82,77.8,-0.01999999999999602,-0.00025700334104338245,0.0019208162727426693,777,729,-48,0.5495199864428878145508456786,77.84518702186949,77.65733205890515,0,0,
104,13:50:00,20221229,296574745,77.8,77.75,-0.04999999999999716,-0.0006426735218508633,0.0019086434846389377,729,1100,371,0.5491332848932521072308696318,77.82614961749559,77.6619654559599,0,0,
105,14:00:00,20221229,296574745,77.75,77.93,0.18000000000000682,0.002315112540193014,0.00191247809837058,1100,1487,387,0.5472718216566948403530483917,77.84691969399647,77.67536718316191,0,0,
106,14:10:00,20221229,296574745,77.93,78.48,0.5499999999999972,0.007057615809059375,0.001960563497535896,1487,4450,2963,0.5607795855242101586090553872,77.97353575519718,77.71559882400382,0,1,
107,14:20:00,20221229,296574745,78.48,78.37,-0.10999999999999943,-0.0014016309887869447,0.0019553881965289613,4450,7730,3280,0.5624119842849618539777397474,78.05282860415774,77.74831888280363,0,0,
108,14:30:00,20221229,296574745,78.37,78.39,0.01999999999999602,0.0002551996937603167,0.0019397901368705334,7730,2091,-5639,0.5639448603207538295628567961,78.12026288332619,77.78040293866344,0,0,
109,14:40:00,20221229,296574745,78.39,78.36,-0.030000000000001137,-0.00038270187523920316,0.0019256347890375214,2091,546,-1545,0.5655351881198464939791172476,78.16821030666095,77.80938279173027,0,0,
110,14:50:00,20221229,296574745,78.36,78.31,-0.04999999999999716,-0.0006380806533945528,0.0019140352022299272,546,536,-10,0.5606052766801633572317226329,78.19656824532876,77.83441365214375,0,0,
111,15:00:00,20221229,296574745,78.31,78.43,0.12000000000000455,0.001532371344655913,0.0019106274892158736,536,698,162,0.5582984331916810884504692459,78.24325459626301,77.86419296953656,0,0,
112,15:10:00,20221229,296574745,78.43,78.46,0.029999999999986926,0.00038250669386697593,0.0018971042963366797,698,364,-334,0.5575923411161201507556848108,78.2866036770104,77.89398332105974,0,0,
113,15:20:00,20221229,296574745,78.46,78.44,-0.01999999999999602,-0.00025490695895992894,0.0018826990565351293,364,370,6,0.5528457724789920484114812907,78.31728294160833,77.92128415500675,0,0,
114,15:30:00,20221229,296574745,78.44,78.43,-0.009999999999990905,-0.00012748597654246437,0.0018674363341004104,370,366,-4,0.5481324249862252550410406778,78.33982635328667,77.9467199472564,0,0,
115,15:40:00,20221229,296574745,78.43,78.4,-0.030000000000001137,-0.00038250669386715716,0.0018546352165121928,366,235,-131,0.5464926928507212404531138621,78.35186108262934,77.96938394989358,0,0,
116,15:50:00,20221229,296574745,78.4,78.62,0.21999999999999886,0.0028061224489795773,0.001862767586020461,235,1373,1138,0.5832111586510515008093065605,78.40548886610347,78.0019147523989,0,1,
117,09:30:00,20221230,296574745,78.62,79.21,0.5899999999999892,0.007504451793436647,0.0019105784691341575,1373,7121,5748,0.6137471066504349262502488377,78.56639109288278,78.06231901477895,0,1,
118,09:40:00,20221230,296574745,79.21,78.89,-0.3199999999999932,-0.004039893952783653,0.0019284718765597835,7121,3579,-3542,0.6127694171010517583330952631,78.63111287430623,78.10370306404,0,0,
119,09:50:00,20221230,296574745,78.89,79.36,0.46999999999999886,0.005957662568132829,0.0019620484656562255,3579,5062,1483,0.6111160182377643776795743822,78.77689029944497,78.16651791083801,0,0,
120,10:00:00,20221230,296574745,79.36,79.23,-0.12999999999999545,-0.0016381048387096202,0.0019593712455988157,5062,2882,-2180,0.6096246446841766942437423269,78.86751223955598,78.2196920152961,0,0,
121,10:10:00,20221230,296574745,79.23,79.09,-0.14000000000000057,-0.0017670074466742465,0.0019577944931486145,2882,2107,-775,0.6068319056198321554079769050,78.91200979164478,78.2632074145313,0,0,
122,10:20:00,20221230,296574745,79.09,79.2,0.10999999999999943,0.0013908205841446381,0.0019531849491729726,2107,1606,-501,0.6038314741307539902849660842,78.96960783331582,78.31004704380473,0,0,
123,10:30:00,20221230,296574745,79.2,78.91,-0.29000000000000625,-0.0036616161616162403,0.0019669626202410634,1606,2248,642,0.6021856633232278237502090464,78.95768626665266,78.3400446916145,0,0,
124,10:40:00,20221230,296574745,78.91,78.75,-0.1599999999999966,-0.002027626409833945,0.0019674479305578064,2248,2924,676,0.5997738719668199371032678722,78.91614901332213,78.36054245703377,0,0,
125,10:50:00,20221230,296574745,78.75,78.84,0.09000000000000341,0.001142857142857186,0.0019609035592268492,2924,1477,-1447,0.5989413018800965382582144684,78.9009192106577,78.38451533418208,0,0,
126,11:00:00,20221230,296574745,78.84,78.94,0.09999999999999432,0.0012683916793505114,0.001955450709779004,1477,2001,524,0.5970187183132958698091483002,78.90873536852617,78.41228956747298,0,0,
127,11:10:00,20221230,296574745,78.94,78.95,0.010000000000005116,0.0001266784899924641,0.0019411634268119216,2001,1437,-564,0.5945565335644792428277635795,78.91698829482094,78.43917508909934,0,0,
128,11:20:00,20221230,296574745,78.95,78.97,0.01999999999999602,0.0002533248891703106,0.0019280794071402812,1437,1627,190,0.5909725286730864473724195096,78.92759063585675,78.46571633464437,0,0,
129,11:30:00,20221230,296574745,78.97,78.89,-0.0799999999999983,-0.0010130429276940394,0.0019210406649906948,1627,1770,143,0.5871026771097981316905372036,78.9200725086854,78.48693051791216,0,0,
130,11:40:00,20221230,296574745,78.89,78.85,-0.04000000000000625,-0.0005070351121815979,0.001910246729473068,1770,1067,-703,0.5856528485917304959761616878,78.90605800694831,78.50508399201655,0,0,
131,11:50:00,20221230,296574745,78.85,79.01,0.1600000000000108,0.0020291693088143412,0.0019111476581044414,1067,916,-151,0.5822881927352696141550932396,78.92684640555865,78.53032979241573,0,0,
132,12:00:00,20221230,296574745,79.01,79.13,0.11999999999999034,0.001518795089229089,0.001908197638789589,916,1070,154,0.5791741632466011063689844189,78.96747712444692,78.56031330279495,0,0,
133,12:10:00,20221230,296574745,79.13,79.31,0.18000000000000682,0.002274737773284555,0.0019109330129276113,1070,2007,937,0.5813870495998312417866520620,79.03598169955752,78.5977976376552,0,1,
134,12:20:00,20221230,296574745,79.31,79.25,-0.060000000000002274,-0.0007565250283697172,0.001902381842671627,2007,1612,-395,0.5785383393134378361055514302,79.07878535964602,78.63040775577245,0,0,
135,12:30:00,20221230,296574745,79.25,79.34,0.09000000000000341,0.001135646687697204,0.001896744084179168,1612,1452,-160,0.5750142014002989613436455547,79.13102828771682,78.66588736798383,0,0,
136,12:40:00,20221230,296574745,79.34,79.15,-0.18999999999999773,-0.0023947567431308004,0.0019003792130766254,1452,1675,223,0.5719380485960459094651845679,79.13482263017346,78.69009299958464,0,0,
137,12:50:00,20221230,296574745,79.15,79.21,0.05999999999998806,0.0007580543272266337,0.001892101496512495,1675,1926,251,0.5688794449559923645880304076,79.14985810413876,78.7160883496054,0,0,
138,13:00:00,20221230,296574745,79.21,79.22,0.010000000000005116,0.00012624668602455644,0.0018793975050701358,1926,1985,59,0.5650071715187225867871064867,79.163886483311,78.74128393212513,0,0,
139,13:10:00,20221230,296574745,79.22,79.04,-0.1799999999999926,-0.0022721534965916765,0.0018822029050095754,1985,1707,-278,0.5619717658495442336573029373,79.13910918664881,78.75621973551887,0,0,
140,13:20:00,20221230,296574745,79.04,78.97,-0.07000000000000739,-0.0008856275303644659,0.0018751349945510996,1707,2166,459,0.5598931915837751143992914281,79.10528734931904,78.76690874874292,0,0,
141,13:30:00,20221230,296574745,78.97,79.03,0.060000000000002274,0.0007597821957705745,0.001867280397376589,2166,1478,-688,0.5581871564018650026277749531,79.09022987945524,78.78006331130577,0,0,
142,13:40:00,20221230,296574745,79.03,79.19,0.1599999999999966,0.0020245476401366137,0.0018683801683049806,1478,2276,798,0.5580594057221430362874934757,79.11018390356419,78.80056014574049,0,0,
143,13:50:00,20221230,296574745,79.19,79.34,0.15000000000000568,0.0018941785578987964,0.001868559323788271,2276,2315,39,0.5543029884958212804335637771,79.15614712285135,78.82753213845346,0,0,
144,14:00:00,20221230,296574745,79.34,79.42,0.0799999999999983,0.0010083186286866433,0.0018626266293392943,2315,2641,326,0.5514513867430311522911531116,79.20891769828108,78.8571555315308,0,0,
145,14:10:00,20221230,296574745,79.42,79.68,0.2600000000000051,0.0032737345756736983,0.001872291752259393,2641,5739,3098,0.5557088465253148833571126242,79.30313415862487,78.89829775495424,0,1,
146,14:20:00,20221230,296574745,79.68,80.16,0.47999999999998977,0.00602409638554204,0.0019005353211932884,5739,13317,7578,0.5609110931536369355817334376,79.4745073268999,78.96138286720652,0,1,
147,14:30:00,20221230,296574745,80.16,80.24,0.0799999999999983,0.0009980039920159467,0.0018944371365366846,13317,4167,-9150,0.5617636647358215730441407933,79.62760586151991,79.0253137238462,0,0,
148,14:40:00,20221230,296574745,80.24,80.36,0.12000000000000455,0.0014955134596211933,0.001891759796423158,4167,1264,-2903,0.5626690379044311685800550723,79.77408468921593,79.09204803765388,0,0,
149,14:50:00,20221230,296574745,80.36,80.46,0.09999999999999432,0.001244400199103961,0.0018874440657743632,1264,964,-300,0.5605001894660809523507028064,79.91126775137275,79.16044563577118,0,0,
150,15:00:00,20221230,296574745,80.46,80.33,-0.12999999999999545,-0.0016157096694008881,0.001885644500235466,964,1195,231,0.5583751985160843732647606950,79.9950142010982,79.21892335398262,0,0,
151,15:10:00,20221230,296574745,80.33,80.39,0.060000000000002274,0.000746918959292945,0.0018781528848345285,1195,346,-849,0.5593757580722024043919827329,80.07401136087856,79.27747718628348,0,0,
152,15:20:00,20221230,296574745,80.39,80.36,-0.030000000000001137,-0.00037318074387363026,0.0018683164656125618,346,503,157,0.5586854408654136697983141767,80.13120908870285,79.3316033269693,0,0,
153,15:30:00,20221230,296574745,80.36,80.32,-0.04000000000000625,-0.0004977600796416906,0.0018594167488205431,503,385,-118,0.5565809408943917096642025861,80.16896727096227,79.38102316062084,0,0,
154,15:40:00,20221230,296574745,80.32,80.34,0.020000000000010232,0.0002490039840638724,0.0018490269890479194,385,507,122,0.5550345033201254204606714928,80.20317381676982,79.4289720025898,0,0,
155,15:50:00,20221230,296574745,80.34,80.38,0.03999999999999204,0.000497883993029525,0.0018403658159965195,507,419,-88,0.5525892181688673464686930317,80.23853905341585,79.47652340246032,0,0,
156,09:30:00,20230103,296574745,80.38,78.53,-1.8499999999999943,-0.02301567554117933,0.0019752404002333526,419,6969,6550,0.6486393392881115977468289881,79.89683124273269,79.4291972323373,0,1,
157,09:40:00,20230103,296574745,78.53,78.97,0.4399999999999977,0.0056029542849866006,0.001998200614693816,6969,6659,-310,0.6448155631479367095668986536,79.71146499418614,79.40623737072043,0,0,
158,09:50:00,20230103,296574745,78.97,79.24,0.269999999999996,0.0034190198809674055,0.002007136584921952,6659,6254,-405,0.6411426347189205952344673216,79.61717199534891,79.39792550218442,0,0,
159,10:00:00,20230103,296574745,79.24,79.5,0.2600000000000051,0.0032811711256941585,0.0020150993008017782,6254,3047,-3207,0.6403404420846743834074402603,79.59373759627913,79.4030292270752,0,0,
160,10:10:00,20230103,296574745,79.5,78.83,-0.6700000000000017,-0.008427672955974864,0.002054928950833909,3047,3899,852,0.6380999380820977672750007149,79.4409900770233,79.37437776572143,0,0,
161,10:20:00,20230103,296574745,78.83,78.67,-0.1599999999999966,-0.002029684130407162,0.002054773118609053,3899,4414,515,0.6349763900077543946555490230,79.28679206161864,79.33915887743535,-1,0,
162,10:30:00,20230103,296574745,78.67,78.54,-0.12999999999999545,-0.001652472352866346,0.0020523050157517358,4414,4198,-216,0.6313810453215854176720948249,79.13743364929492,79.2992009335636,0,0,
163,10:40:00,20230103,296574745,78.54,78.76,0.21999999999999886,0.002801120448179257,0.00205687096351044,4198,3308,-890,0.6288238786855275742399908990,79.06194691943594,79.27224088688541,0,0,
164,10:50:00,20230103,296574745,78.76,78.99,0.22999999999998977,0.002920264093448321,0.002062103649146427,3308,2430,-878,0.6266214137874078182479314474,79.04755753554875,79.25812884254114,0,0,
165,11:00:00,20230103,296574745,78.99,79.04,0.05000000000001137,0.0006329915179138039,0.0020534945399221342,2430,3684,1254,0.6259553172146887915278598687,79.04604602843901,79.24722240041407,0,0,
166,11:10:00,20230103,296574745,79.04,78.67,-0.37000000000000455,-0.004681174089068883,0.0020692291480008573,3684,3634,-50,0.6222883524656544278318176929,78.97083682275121,79.21836128039337,0,0,
167,11:20:00,20230103,296574745,78.67,77.85,-0.8200000000000074,-0.010423287148849719,0.002118955683720196,3634,9900,6266,0.6288477716533850732724628801,78.74666945820097,79.1499432163737,0,1,
168,11:30:00,20230103,296574745,77.85,77.49,-0.35999999999999943,-0.004624277456647392,0.002133780072909114,9900,7729,-2171,0.6264243702192995361106689751,78.49533556656078,79.06694605555501,0,0,
169,11:40:00,20230103,296574745,77.49,77.39,-0.09999999999999432,-0.001290489095367071,0.002128819537747102,7729,4153,-3576,0.6254611271565602987733683879,78.27426845324862,78.98309875277725,0,0,
170,11:50:00,20230103,296574745,77.39,77.43,0.04000000000000625,0.0005168626437525035,0.00211939288924421,4153,3677,-476,0.6224737284029203669256013275,78.1054147625989,78.90544381513838,0,0,
171,12:00:00,20230103,296574745,77.43,77.46,0.029999999999986926,0.00038744672607499576,0.0021093234348071796,3677,4206,529,0.6196911327907593879469321709,77.97633181007912,78.83317162438146,0,0,
172,12:10:00,20230103,296574745,77.46,77.68,0.22000000000001307,0.0028401755744902283,0.002113548013649278,4206,2959,-1247,0.6178228673833481010354393727,77.9170654480633,78.77551304316239,0,0,
173,12:20:00,20230103,296574745,77.68,77.93,0.25,0.003218331616889804,0.0021198973447023846,2959,2630,-329,0.6149111624648113807412970811,77.91965235845063,78.73323739100428,0,0,
174,12:30:00,20230103,296574745,77.93,78.04,0.10999999999999943,0.0014115231618118751,0.0021158494922287247,2630,3033,403,0.6122729954745181619876857583,77.94372188676051,78.69857552145406,0,0,
175,12:40:00,20230103,296574745,78.04,77.75,-0.29000000000000625,-0.00371604305484375,0.002124941501107219,3033,2730,-303,0.6093617914549564214642978531,77.90497750940841,78.65114674538135,0,0,
176,12:50:00,20230103,296574745,77.75,77.95,0.20000000000000284,0.0025723472668810654,0.002127469217298032,2730,1839,-891,0.6077629882624065341883773772,77.91398200752673,78.61608940811227,0,0,
177,13:00:00,20230103,296574745,77.95,77.95,0,0,0.0021155171430435487,1839,1844,5,0.6043638639966093996429404153,77.92118560602138,78.58278493770665,0,0,
178,13:10:00,20230103,296574745,77.95,77.95,0,0,0.0021036986115181657,1844,2110,266,0.6017934045714777701608163526,77.9269484848171,78.55114569082131,0,0,
179,13:20:00,20230103,296574745,77.95,77.99,0.03999999999999204,0.0005131494547786022,0.002094862227314057,2110,1647,-463,0.5996691705439742996630824861,77.93955878785368,78.52308840628025,0,0,
180,13:30:00,20230103,296574745,77.99,77.78,-0.20999999999999375,-0.0026926529042184096,0.0020981649382361806,1647,1508,-139,0.5968223567358922161442617377,77.90764703028294,78.48593398596624,0,0,
181,13:40:00,20230103,296574745,77.78,77.77,-0.010000000000005116,-0.00012856775520705987,0.0020873429756920647,1508,2072,564,0.5955980872210784556072519922,77.88011762422636,78.45013728666792,0,0,
182,13:50:00,20230103,296574745,77.77,77.72,-0.04999999999999716,-0.0006429214350006064,0.002079449961808505,2072,1999,-73,0.5925359755981854598479786571,77.84809409938109,78.41363042233452,0,0,
183,14:00:00,20230103,296574745,77.72,77,-0.7199999999999989,-0.009264024704065864,0.0021184965636685993,1999,8476,6477,0.6069250195353149682591513376,77.67847527950487,78.3429489012178,0,1,
184,14:10:00,20230103,296574745,77,77.1,0.09999999999999432,0.001298701298701225,0.0021140652379120187,8476,8421,-55,0.6036794189424924170360064536,77.5627802236039,78.28080145615691,0,0,
185,14:20:00,20230103,296574745,77.1,76.97,-0.12999999999999545,-0.0016861219195848957,0.0021117644673833784,8421,13235,4814,0.6035073041788927572991094422,77.44422417888312,78.21526138334906,0,0,
186,14:30:00,20230103,296574745,76.97,76.75,-0.21999999999999886,-0.002858256463557215,0.0021157564031917945,13235,3122,-10113,0.6043661438012651148089313924,77.3053793431065,78.1419983141816,0,0,
187,14:40:00,20230103,296574745,76.75,76.9,0.15000000000000568,0.001954397394136882,0.0021148981105904388,3122,1724,-1398,0.6035332913251049377394834734,77.2243034744852,78.07989839847252,0,0,
188,14:50:00,20230103,296574745,76.9,76.91,0.009999999999990905,0.00013003901170339276,0.0021043962105963274,1724,1500,-224,0.6010274558918057292030944019,77.16144277958816,78.02140347854889,0,0,
189,15:00:00,20230103,296574745,76.91,77.03,0.12000000000000455,0.0015602652450917248,0.002101532363409461,1500,1111,-389,0.5992290657730769271195693436,77.13515422367053,77.97183330462144,0,0,
190,15:10:00,20230103,296574745,77.03,77.22,0.18999999999999773,0.0024665714656626992,0.002103443562897698,1111,1336,225,0.5971520562770147574501057617,77.15212337893642,77.93424163939038,0,0,
191,15:20:00,20230103,296574745,77.22,77.14,-0.0799999999999983,-0.001036001036001014,0.0020978839664034443,1336,1055,-281,0.5951373546365999163668295746,77.14969870314914,77.89452955742085,0,0,
192,15:30:00,20230103,296574745,77.14,77.13,-0.010000000000005116,-0.00012963443090491464,0.00208768578228169,1055,471,-584,0.5949218994435070061599832951,77.14575896251931,77.8563030795498,0,0,
193,15:40:00,20230103,296574745,77.13,77.2,0.07000000000000739,0.0009075586671853674,0.0020816026528224308,471,550,79,0.5927198702597360012800245308,77.15660717001545,77.82348792557231,0,0,
194,15:50:00,20230103,296574745,77.2,77.22,0.01999999999999602,0.0002590673575129018,0.0020722563179746897,550,667,117,0.5907711902723900357722948013,77.16928573601236,77.7933135292937,0,0,
195,09:30:00,20230104,296574745,77.22,74.44,-2.780000000000001,-0.03600103600103602,0.002245362336765819,667,4847,4180,0.6197308605603709115038668676,76.62342858880989,77.625647852829,0,1,
196,09:40:00,20230104,296574745,74.44,74,-0.4399999999999977,-0.005910800644814585,0.002263968622593478,4847,7705,2858,0.6195781307006365236957619613,76.0987428710479,77.44436546018756,0,0,
197,09:50:00,20230104,296574745,74,74.1,0.09999999999999432,0.0013513513513512744,0.002259359444455891,7705,4972,-2733,0.6182403862889345563158788696,75.69899429683832,77.27714718717817,0,0,
198,10:00:00,20230104,296574745,74.1,74.01,-0.0899999999999892,-0.0012145748987852794,0.0022541092708595564,4972,5638,666,0.6158067668637428469504651662,75.36119543747066,77.11378982781928,0,0,
199,10:10:00,20230104,296574745,74.01,73.6,-0.4100000000000108,-0.005539791920010955,0.002270537684105313,5638,7839,2201,0.6146796663391084179232332377,75.00895634997653,76.9381003364283,0,0,
200,10:20:00,20230104,296574745,73.6,73.86,0.2600000000000051,0.0035326086956522437,0.0022768166443617654,7839,4324,-3515,0.6138523994940809269255489805,74.77916507998123,76.7841953196069,0,0,
201,10:30:00,20230104,296574745,73.86,73.75,-0.10999999999999943,-0.0014893040888166724,0.0022729180673541163,4324,3562,-762,0.6116859307685100790582162099,74.57333206398498,76.63248555362655,0,0,
202,10:40:00,20230104,296574745,73.75,73.51,-0.23999999999999488,-0.003254237288135524,0.002277752152185552,3562,3390,-172,0.6089105689368642818755776771,74.36066565118799,76.47636127594522,0,0,
203,10:50:00,20230104,296574745,73.51,73.27,-0.2400000000000091,-0.00326486192354794,0.0022825909255745833,3390,6152,2762,0.6099195821407858940053159380,74.14253252095038,76.31604321214796,0,0,
204,11:00:00,20230104,296574745,73.27,73.56,0.29000000000000625,0.0039579636959192884,0.0022907634756738258,6152,10197,4045,0.6101517293153473177581143905,74.02602601676031,76.17824105154055,0,0,
205,11:10:00,20230104,296574745,73.56,73.42,-0.14000000000000057,-0.0019032082653616172,0.0022888821397014365,10197,6569,-3628,0.6089169680997277434690937798,73.90482081340825,76.04032899896353,0,0,
206,11:20:00,20230104,296574745,73.42,73.2,-0.21999999999999886,-0.002996458730591104,0.00229230038410187,6569,6072,-497,0.6063408397296517007866595406,73.76385665072661,75.89831254901534,0,0,
207,11:30:00,20230104,296574745,73.2,73.54,0.3400000000000034,0.0046448087431694455,0.002303610520443541,6072,5347,-725,0.6039997805338804073280533622,73.71908532058129,75.78039692156459,0,0,
208,11:40:00,20230104,296574745,73.54,73.4,-0.14000000000000057,-0.001903725863475667,0.002301697196725991,5347,2181,-3166,0.6039428807416482487613096788,73.65526825646504,75.66137707548636,0,0,
209,11:50:00,20230104,296574745,73.4,73.49,0.0899999999999892,0.0012261580381469916,0.0022965755816851388,2181,2407,226,0.6015604012698080382188577314,73.62221460517202,75.55280822171203,0,0,
210,12:00:00,20230104,296574745,73.49,73.59,0.10000000000000853,0.0013607293509322158,0.002292140291491997,2407,3763,1356,0.6013793419072922559566312660,73.61577168413761,75.45466781062643,0,0,
211,12:10:00,20230104,296574745,73.59,73.75,0.1599999999999966,0.0021742084522353117,0.0022915840092313524,3763,2253,-1510,0.6004354562284667243916354484,73.6426173473101,75.3694344200951,0,0,
212,12:20:00,20230104,296574745,73.75,73.81,0.060000000000002274,0.0008135593220339291,0.002284644926192867,2253,2176,-77,0.5977769641961785587323801734,73.67609387784807,75.29146269909035,0,0,
213,12:30:00,20230104,296574745,73.81,73.77,-0.04000000000000625,-0.000541931987535649,0.0022765014077879265,2176,3103,927,0.5969743196411112042798099527,73.69487510227846,75.21538956413583,0,0,
214,12:40:00,20230104,296574745,73.77,73.81,0.04000000000000625,0.0005422258370612207,0.0022684350097845465,3103,2054,-1049,0.5957700667218112498967594160,73.71790008182276,75.14512008592904,0,0,
215,12:50:00,20230104,296574745,73.81,73.56,-0.25,-0.0033870749220972765,0.002273613898267476,2054,2090,36,0.5930930144546753084922552330,73.6863200654582,75.06586408163258,0,0,
216,13:00:00,20230104,296574745,73.56,73.72,0.1599999999999966,0.0021750951604132215,0.0022731598948672257,2090,3088,998,0.5925603828752643072470260013,73.69305605236656,74.99857087755095,0,0,
217,13:10:00,20230104,296574745,73.72,73.67,-0.04999999999999716,-0.0006782419967443999,0.0022658437577198734,3088,1578,-1510,0.5920852877121011658461923269,73.68844484189324,74.9321423336734,0,0,
218,13:20:00,20230104,296574745,73.67,73.73,0.060000000000002274,0.0008144427853943569,0.0022592163560197567,1578,1977,399,0.5905362759464140188312861932,73.69675587351459,74.87203521698973,0,0,
219,13:30:00,20230104,296574745,73.73,73.68,-0.04999999999999716,-0.0006781500067814614,0.0022520296907959465,1977,1846,-131,0.5881532111155268607974666944,73.69340469881168,74.81243345614024,0,0,
220,13:40:00,20230104,296574745,73.68,73.73,0.04999999999999716,0.0006786102062974641,0.0022449101456172202,1846,1560,-286,0.5861929231804556475467739320,73.70072375904934,74.75831178333323,0,0,
221,13:50:00,20230104,296574745,73.73,73.64,-0.09000000000000341,-0.0012206700122067463,0.0022402964513225784,1560,1969,409,0.5847334031984693030960550381,73.68857900723947,74.70239619416657,0,0,
222,14:00:00,20230104,296574745,73.64,73.54,-0.09999999999999432,-0.001357957631721813,0.0022363397750014987,1969,3260,1291,0.5850514721212618566041385560,73.65886320579158,74.64427638445825,0,0,
223,14:10:00,20230104,296574745,73.54,73.49,-0.05000000000001137,-0.0006799020940986044,0.002229391392497468,3260,4350,1090,0.5839322951395636291001268726,73.62509056463325,74.58656256523534,0,0,
224,14:20:00,20230104,296574745,73.49,72.86,-0.6299999999999955,-0.008572594910872167,0.002257583408134689,4350,13612,9262,0.5908001311713826821917380584,73.47207245170661,74.50023443697357,0,1,
225,14:30:00,20230104,296574745,72.86,73.06,0.20000000000000284,0.002744990392533665,0.0022597400762072507,13612,5752,-7860,0.5907409787234174364461849616,73.38965796136529,74.4282227151249,0,0,
226,14:40:00,20230104,296574745,73.06,72.99,-0.07000000000000739,-0.0009581166164797069,0.0022540060521555874,5752,1110,-4642,0.5916937657948998726687603264,73.30972636909223,74.35631157936866,0,0,
227,14:50:00,20230104,296574745,72.99,73.11,0.12000000000000455,0.0016440608302507817,0.0022513308538138995,1110,782,-328,0.5903946505742884499618600421,73.26978109527379,74.29399600040024,0,0,
228,15:00:00,20230104,296574745,73.11,73.11,0,0,0.0022414997147142757,782,724,-58,0.5881403892091341955706440661,73.23782487621904,74.23479620038023,0,0,
229,15:10:00,20230104,296574745,73.11,73.12,0.010000000000005116,0.00013678019422794577,0.0022323487602773787,724,593,-131,0.5863699493713524687054438121,73.21425990097522,74.17905639036123,0,0,
230,15:20:00,20230104,296574745,73.12,73.14,0.01999999999999602,0.0002735229759299237,0.002223868994977173,593,550,-43,0.5841454588872981552947116177,73.19940792078017,74.12710357084316,0,0,
231,15:30:00,20230104,296574745,73.14,73.09,-0.04999999999999716,-0.0006836204539239425,0.002217229992645047,550,706,156,0.5828501610629406789200087071,73.17752633662414,74.075248392301,0,0,
232,15:40:00,20230104,296574745,73.09,73.05,-0.04000000000000625,-0.0005472704884389965,0.002210062784472489,706,466,-240,0.5818076425295212080491316986,73.15202106929931,74.02398597268596,0,0,
233,15:50:00,20230104,296574745,73.05,73.18,0.13000000000000966,0.0017796030116359982,0.0022082232127937007,466,1689,1223,0.5905369411482553256259731995,73.15761685543944,73.98178667405168,0,1,
234,09:30:00,20230105,296574745,73.18,72.85,-0.3300000000000125,-0.004509428805684784,0.002218015577018769,1689,6539,4850,0.6002432588898387799046417589,73.09609348435156,73.92519734034909,0,1,
235,09:40:00,20230105,296574745,72.85,73.07,0.21999999999999886,0.0030199039121482345,0.002221413408947284,6539,4415,-2124,0.5990762124916434306301476204,73.09087478748124,73.88243747333162,0,0,
236,09:50:00,20230105,296574745,73.07,73.15,0.0800000000000125,0.0010948405638430616,0.002216659937027013,4415,4406,-9,0.5965570660469371829931294939,73.10269982998499,73.84581559966504,0,0,
237,10:00:00,20230105,296574745,73.15,73.05,-0.10000000000000853,-0.0013670539986330625,0.002213090164176618,4406,5204,798,0.5948115181185938570202699779,73.09215986398799,73.8060248196818,0,0,
238,10:10:00,20230105,296574745,73.05,73.05,0,0,0.0022038303726947075,5204,2831,-2373,0.5942306974911643914080972648,73.08372789119039,73.76822357869771,0,0,
239,10:20:00,20230105,296574745,73.05,73.21,0.1599999999999966,0.0021902806297056346,0.002203773915432253,2831,2054,-777,0.5928983250894843513867910077,73.1089823129523,73.74031239976283,0,0,
240,10:30:00,20230105,296574745,73.21,73.53,0.3200000000000074,0.004370987570004199,0.0022127665032105597,2054,4494,2440,0.5953673195831071562817061642,73.19318585036184,73.72979677977469,0,1,
241,10:40:00,20230105,296574745,73.53,73.58,0.04999999999999716,0.000679994560043481,0.0022064327348503654,4494,3294,-1200,0.5940105236217275357405162696,73.27054868028947,73.72230694078596,0,0,
242,10:50:00,20230105,296574745,73.58,73.44,-0.14000000000000057,-0.001902690948627352,0.002205182768651917,3294,2599,-695,0.5924343061508677226588323242,73.30443894423158,73.70819159374665,0,0,
243,11:00:00,20230105,296574745,73.44,73.97,0.5300000000000011,0.007216775599128556,0.0022257220835309195,2599,6740,4141,0.5965362357049741172822525785,73.43755115538526,73.72128201405931,0,1,
244,11:10:00,20230105,296574745,73.97,74.08,0.10999999999999943,0.0014870893605515674,0.0022227072560901872,6740,10807,4067,0.5965643019384559040257380854,73.56604092430821,73.73921791335634,0,0,
245,11:20:00,20230105,296574745,74.08,74.18,0.10000000000000853,0.001349892008639424,0.002219159226629005,10807,5612,-5195,0.5960933370899239404178363447,73.68883273944657,73.76125701768852,0,0,
246,11:30:00,20230105,296574745,74.18,74.25,0.06999999999999318,0.0009436505796709783,0.002213995224009742,5612,2596,-3016,0.5958557924647939751657991416,73.80106619155725,73.7856941668041,1,0,
247,11:40:00,20230105,296574745,74.25,74.23,-0.01999999999999602,-0.0002693602693602158,0.0022061539540313164,2596,2649,53,0.5935354708203928413502354727,73.8868529532458,73.8079094584639,0,0,
248,11:50:00,20230105,296574745,74.23,74.13,-0.10000000000000853,-0.0013471642193184498,0.002202704196060582,2649,2932,283,0.5915808414881098086733038523,73.93548236259664,73.8240139855407,0,0,
249,12:00:00,20230105,296574745,74.13,73.86,-0.269999999999996,-0.0036422501011735605,0.002208462379681034,2932,3126,194,0.5894791838793197159597566123,73.92038589007731,73.82581328626367,0,0,
250,12:10:00,20230105,296574745,73.86,73.6,-0.2600000000000051,-0.0035201733008394954,0.002213688319605968,3126,3309,183,0.5873638933730061940625849672,73.85630871206185,73.81452262195049,0,0,
251,12:20:00,20230105,296574745,73.6,73.68,0.0800000000000125,0.0010869565217393005,0.0022092171616779257,3309,1974,-1335,0.5866340570881610177323347434,73.82104696964947,73.80779649085297,0,0,
252,12:30:00,20230105,296574745,73.68,73.54,-0.14000000000000057,-0.0019001085776330152,0.00220799538861846,1974,2447,473,0.5852624402417024519322626024,73.76483757571958,73.79440666631032,-1,0,
253,12:40:00,20230105,296574745,73.54,73.97,0.4299999999999926,0.005847158009246568,0.0022223228005106965,2447,2194,-253,0.5833653121638191271799896173,73.80587006057567,73.8031863329948,1,0,
254,12:50:00,20230105,296574745,73.97,73.87,-0.09999999999999432,-0.0013518994186831731,0.002218909375483922,2194,2014,-180,0.5813993381260916008335672940,73.81869604846054,73.80652701634506,0,0,
255,13:00:00,20230105,296574745,73.87,74.13,0.2599999999999909,0.0035196967645863123,0.0022239905762226034,2014,1968,-46,0.5792174661770281146042064051,73.88095683876843,73.8227006655278,0,0,
256,13:10:00,20230105,296574745,74.13,74.23,0.10000000000000853,0.0013489815189533054,0.00222058587171961,1968,1383,-585,0.5781203402291057313168596781,73.95076547101475,73.84306563225141,0,0,
257,13:20:00,20230105,296574745,74.23,74.44,0.20999999999999375,0.002829044860568419,0.0022229442398934425,1383,2095,712,0.5778750011153465928682247677,74.0486123768118,73.87291235063883,0,0,
258,13:30:00,20230105,296574745,74.44,74.81,0.37000000000000455,0.0049704459967759886,0.002233552354784881,2095,5413,3318,0.5817587689992830639437605057,74.20088990144944,73.91976673310688,0,1,
259,13:40:00,20230105,296574745,74.81,74.69,-0.12000000000000455,-0.0016040636278572991,0.002231131244296698,5413,2136,-3277,0.5818496753525116736830437301,74.29871192115955,73.95827839645153,0,0,
260,13:50:00,20230105,296574745,74.69,74.46,-0.23000000000000398,-0.0030793948319722047,0.0022343812963567574,2136,3230,1094,0.5815827121697211874105198350,74.33096953692764,73.98336447662895,0,0,
261,14:00:00,20230105,296574745,74.46,74.35,-0.10999999999999943,-0.0014773032500671427,0.002231491685493057,3230,3007,-223,0.5796264432212795743893017944,74.33477562954211,74.0016962527975,0,0,
262,14:10:00,20230105,296574745,74.35,74.04,-0.30999999999998806,-0.004169468728984372,0.002238860419498727,3007,4016,1009,0.5786983973627993139068677394,74.2758205036337,74.00361144015763,0,0,
263,14:20:00,20230105,296574745,74.04,73.58,-0.46000000000000796,-0.006212857914640842,0.0022539134403136594,4016,10206,6190,0.5823447468476166713288370772,74.13665640290695,73.98243086814975,0,1,
264,14:30:00,20230105,296574745,73.58,73.9,0.3200000000000074,0.004349007882576888,0.002261819457076917,10206,2548,-7658,0.5829787022765997054495052335,74.08932512232556,73.97830932474227,0,0,
265,14:40:00,20230105,296574745,73.9,73.79,-0.10999999999999943,-0.0014884979702300327,0.0022589122334421546,2548,1246,-1302,0.5827080643394283192974807364,74.02946009786045,73.96889385850515,0,0,
266,14:50:00,20230105,296574745,73.79,73.77,-0.020000000000010232,-0.00027103943623811127,0.0022514670169732254,1246,823,-423,0.5817971216128397822385335706,73.97756807828836,73.9589491655799,0,0,
267,15:00:00,20230105,296574745,73.77,73.73,-0.03999999999999204,-0.0005422258370610282,0.002245089251376538,823,822,-1,0.5796307706621526023688253991,73.92805446263068,73.9475017073009,-1,0,
268,15:10:00,20230105,296574745,73.73,73.78,0.04999999999999716,0.0006781500067814614,0.0022392641984226532,822,581,-241,0.5785659252244935721716131664,73.89844357010455,73.93912662193586,0,0,
269,15:20:00,20230105,296574745,73.78,73.79,0.010000000000005116,0.00013553808620229217,0.0022314726202292447,581,679,98,0.5770478095710516727298352149,73.87675485608364,73.93167029083905,0,0,
270,15:30:00,20230105,296574745,73.79,73.75,-0.04000000000000625,-0.00054207887247603,0.0022252386949607825,679,443,-236,0.5762010278228831370289534205,73.85140388486691,73.9225867762971,0,0,
271,15:40:00,20230105,296574745,73.75,73.65,-0.09999999999999432,-0.0013559322033897534,0.00222204271521236,443,436,-7,0.5741407349058938823673561362,73.81112310789354,73.90895743748224,0,0,
272,15:50:00,20230105,296574745,73.65,73.72,0.06999999999999318,0.000950441276306764,0.002217384834483768,436,390,-46,0.5724241189800699608303046250,73.79289848631483,73.89950956560813,0,0,
273,09:30:00,20230106,296574745,73.72,74.58,0.8599999999999994,0.011665762344004333,0.0022518679640805583,390,4476,4086,0.6085719253959203512034674661,73.95031878905186,73.93353408732771,1,1,BUY
274,09:40:00,20230106,296574745,74.58,74.16,-0.4200000000000017,-0.005631536604987955,0.0022641576682293123,4476,6259,1783,0.6078074701696045339218144314,73.99225503124148,73.94485738296133,0,0,
275,09:50:00,20230106,296574745,74.16,74.02,-0.14000000000000057,-0.0018878101402373326,0.002262794090229341,6259,3895,-2364,0.6069737333848982473351851853,73.99780402499319,73.94861451381325,0,0,
276,10:00:00,20230106,296574745,74.02,74.83,0.8100000000000023,0.01094298838151854,0.00229413053171414,3895,5477,1582,0.6062487803612270789174965386,74.16424321999455,73.99268378812259,0,0,
277,10:10:00,20230106,296574745,74.83,74.69,-0.14000000000000057,-0.0018709073900841984,0.0022926081463125934,5477,3529,-1948,0.6053474148273736455859379289,74.26939457599563,74.02754959871646,0,0,
278,10:20:00,20230106,296574745,74.69,74.83,0.14000000000000057,0.0018744142455482738,0.0022911092434424705,3529,2693,-836,0.6040267943596608576412250736,74.38151566079651,74.06767211878064,0,0,
279,10:30:00,20230106,296574745,74.83,75.18,0.3500000000000085,0.004677268475210591,0.0022996312406987855,2693,4967,2274,0.6048853109407300758662160301,74.5412125286372,74.1232885128416,0,0,
280,10:40:00,20230106,296574745,75.18,75.06,-0.12000000000000455,-0.0015961691939346174,0.0022971278170448206,4967,3097,-1870,0.6040724977333889509278667003,74.64497002290976,74.17012408719951,0,0,
281,10:50:00,20230106,296574745,75.06,74.94,-0.12000000000000455,-0.0015987210231815153,0.002294651197208426,3097,3144,47,0.6019842121979928737575284375,74.70397601832781,74.20861788283953,0,0,
282,11:00:00,20230106,296574745,74.94,74.58,-0.35999999999999943,-0.00480384307445956,0.002303517599601539,3144,3020,-124,0.5999964241816124783270110918,74.67918081466225,74.22718698869755,0,0,
283,11:10:00,20230106,296574745,74.58,74.84,0.2600000000000051,0.00348618932689736,0.0023076819366694822,3020,3125,105,0.5980061839975945815770022616,74.7113446517298,74.25782763926269,0,0,
284,11:20:00,20230106,296574745,74.84,74.84,0,0,0.002299584807067133,3125,4780,1655,0.5977661622993574076065566396,74.73707572138385,74.28693625729956,0,0,
285,11:30:00,20230106,296574745,74.84,74.69,-0.15000000000000568,-0.0020042757883485525,0.0022985522580506344,4780,2631,-2149,0.5972480344240385320408550415,74.72766057710707,74.30708944443458,0,0,
286,11:40:00,20230106,296574745,74.69,74.81,0.12000000000000455,0.0016066407818985749,0.0022961414166703135,2631,1788,-843,0.5962834436779891564271266204,74.74412846168566,74.33223497221285,0,0,
287,11:50:00,20230106,296574745,74.81,74.69,-0.12000000000000455,-0.0016040636278572991,0.0022937383687924905,1788,1581,-207,0.5946150005127202250254757566,74.73330276934853,74.3501232236022,0,0,
288,12:00:00,20230106,296574745,74.69,74.8,0.10999999999999943,0.00147275405007363,0.002290897592603152,1581,1431,-150,0.5928858021038234629223758457,74.74664221547881,74.37261706242208,0,0,
289,12:10:00,20230106,296574745,74.8,74.75,-0.04999999999999716,-0.0006684491978609246,0.0022853029429661096,1431,1728,297,0.5915570481993665570320124157,74.74731377238305,74.39148620930098,0,0,
290,12:20:00,20230106,296574745,74.75,74.75,0,0,0.002277449668248013,1728,1447,-281,0.5900830230878248875602211041,74.74785101790644,74.40941189883593,0,0,
291,12:30:00,20230106,296574745,74.75,74.8,0.04999999999999716,0.0006688963210701961,0.0022719409239083626,1447,1417,-30,0.5881331927008928254470638871,74.75828081432515,74.42894130389412,0,0,
292,12:40:00,20230106,296574745,74.8,74.58,-0.21999999999999886,-0.00294117647058822,0.0022742250042724578,1417,1266,-151,0.5864896089770298232054909598,74.72262465146012,74.43649423869941,0,0,
293,12:50:00,20230106,296574745,74.58,74.4,-0.1799999999999926,-0.002413515687851872,0.0022746987821077617,1266,3364,2098,0.5901314402175191254263747989,74.6580997211681,74.43466952676444,0,1,
294,13:00:00,20230106,296574745,74.4,74.37,-0.030000000000001137,-0.00040322580645162814,0.002268354805919097,3364,1808,-1556,0.5896989424194057672995137932,74.60047977693448,74.43143605042623,0,0,
295,13:10:00,20230106,296574745,74.37,74.22,-0.15000000000000568,-0.0020169423154498545,0.002267505439397241,1808,1852,44,0.5877889334355085880450039553,74.52438382154757,74.42086424790492,0,0,
296,13:20:00,20230106,296574745,74.22,74.36,0.14000000000000057,0.0018862840204796627,0.002266221865596172,1852,2132,280,0.5863188963026200156670499238,74.49150705723807,74.41782103550968,0,0,
297,13:30:00,20230106,296574745,74.36,73.8,-0.5600000000000023,-0.007530930607853715,0.002283888673456097,2132,3599,1467,0.5866603976705305608377908382,74.35320564579045,74.38692998373419,-1,0,
298,13:40:00,20230106,296574745,73.8,73.67,-0.12999999999999545,-0.0017615176151760902,0.0022821416130605118,3599,4283,684,0.5853339508303025158044201702,74.21656451663236,74.35108348454747,0,0,
299,13:50:00,20230106,296574745,73.67,73.31,-0.35999999999999943,-0.004886656712365949,0.0022908233300581965,4283,3493,-790,0.5839976715000774510716080202,74.03525161330589,74.2990293103201,0,0,
300,14:00:00,20230106,296574745,73.31,73.33,0.01999999999999602,0.00027281407720632957,0.0022841189803809478,3493,2754,-739,0.5827603569406788527010718584,73.89420129064472,74.25057784480408,0,0,
301,14:10:00,20230106,296574745,73.33,73.76,0.4300000000000068,0.005863902904677578,0.0022959725695342477,2754,5513,2759,0.5841479568879985495654295995,73.86736103251577,74.22604895256389,0,1,
302,14:20:00,20230106,296574745,73.76,73.75,-0.010000000000005116,-0.00013557483731026457,0.0022888425440153568,5513,7825,2312,0.5836041431442320690152543382,73.84388882601262,74.20224650493569,0,0,
303,14:30:00,20230106,296574745,73.75,73.78,0.030000000000001137,0.00040677966101696454,0.002282651547689704,7825,2626,-5199,0.5838699484157540061516069676,73.83111106081009,74.18113417968891,0,0,
304,14:40:00,20230106,296574745,73.78,73.8,0.01999999999999602,0.00027107617240439174,0.0022760562185904078,2626,951,-1675,0.5840469395578765761388042009,73.82488884864807,74.16207747070446,0,0,
305,14:50:00,20230106,296574745,73.8,73.85,0.04999999999999716,0.0006775067750677122,0.002270832200801118,951,744,-207,0.5828496149682820639160046614,73.82991107891846,74.14647359716923,0,0,
306,15:00:00,20230106,296574745,73.85,73.8,-0.04999999999999716,-0.0006770480704129609,0.002265640721549039,744,769,25,0.5810605352795828858856663744,73.82392886313477,74.12914991731077,0,0,
307,15:10:00,20230106,296574745,73.8,73.79,-0.009999999999990905,-0.00013550135501342692,0.0022587246846447026,769,460,-309,0.5804785872629733607845649379,73.81714309050781,74.11219242144523,0,0,
308,15:20:00,20230106,296574745,73.79,73.7,-0.09000000000000341,-0.001219677463070923,0.00225536207227715,460,716,256,0.5804010570101172488810831603,73.79371447240625,74.09158280037298,0,0,
309,15:30:00,20230106,296574745,73.7,73.69,-0.010000000000005116,-0.00013568521031214538,0.0022485244049804884,716,475,-241,0.5796145767577328374997583471,73.772971577925,74.07150366035432,0,0,
310,15:40:00,20230106,296574745,73.69,73.66,-0.030000000000001137,-0.0004071108698602407,0.002242603461137658,475,461,-14,0.5778456349810537168511722228,73.75037726234001,74.05092847733661,0,0,
311,15:50:00,20230106,296574745,73.66,73.68,0.020000000000010232,0.0002715177844150181,0.00223628587884047,461,652,191,0.5773215037882296876819443014,73.736301809872,74.03238205346977,0,0,
312,09:30:00,20230109,296574745,73.68,75.64,1.9599999999999937,0.026601520086862018,0.0023141300775881427,652,5083,4431,0.5971895254053236832700162565,74.1170414478976,74.11276295079628,1,1,BUY
313,09:40:00,20230109,296574745,75.64,75.89,0.25,0.003305129561078794,0.0023172861268986227,5083,4939,-144,0.5953778699949227964109459368,74.47163315831808,74.20162480325646,0,0,
314,09:50:00,20230109,296574745,75.89,76.44,0.5499999999999972,0.007247331664250852,0.002332937065112439,4939,5180,241,0.5936426872415828916738044539,74.86530652665446,74.31354356309365,0,0,
315,10:00:00,20230109,296574745,76.44,76.3,-0.14000000000000057,-0.001831501831501839,0.0023313502447529118,5180,6045,865,0.5922925155002754046381816183,75.15224522132357,74.41286638493897,0,0,
316,10:10:00,20230109,296574745,76.3,76.16,-0.14000000000000057,-0.0018348623853211084,0.002329784036994452,6045,2734,-3311,0.5921519252081189623814802707,75.35379617705885,74.50022306569201,0,0,
317,10:20:00,20230109,296574745,76.16,75.57,-0.5900000000000034,-0.007746848739495844,0.002346818831656406,2734,5842,3108,0.5938646421207921285637379724,75.39703694164709,74.55371191240741,0,1,
318,10:30:00,20230109,296574745,75.57,75.62,0.05000000000001137,0.0006616382162235195,0.0023415361338023845,5842,4480,-1362,0.5927338417876356926719472765,75.44162955331767,74.60702631678704,0,0,
319,10:40:00,20230109,296574745,75.62,75.68,0.060000000000002274,0.0007934408886538253,0.0023366983361612953,4480,4173,-307,0.5910956947374064739894902984,75.48930364265414,74.66067500094769,0,0,
320,10:50:00,20230109,296574745,75.68,75.77,0.0899999999999892,0.001189217758985058,0.0023331236303133942,4173,4068,-105,0.5893326606545289359102058440,75.54544291412331,74.71614125090031,0,0,
321,11:00:00,20230109,296574745,75.77,75.27,-0.5,-0.006598917777484493,0.0023463714382238633,4068,3441,-627,0.5879810989553233320215897116,75.49035433129865,74.74383418835528,0,0,
322,11:10:00,20230109,296574745,75.27,75.34,0.07000000000000739,0.0009299853859440334,0.002341986342086774,3441,3672,231,0.5863685619547706562788963929,75.46028346503891,74.77364247893752,0,0,
323,11:20:00,20230109,296574745,75.34,74.97,-0.37000000000000455,-0.004911069816830429,0.002349915612070551,3672,10746,7074,0.5905046793198340002954647955,75.36222677203114,74.78346035499064,0,1,
324,11:30:00,20230109,296574745,74.97,74.75,-0.21999999999999886,-0.0029345071361877935,0.002351714355221681,10746,4506,-6240,0.5904744531794537697503818123,75.23978141762491,74.7817873372411,0,0,
325,11:40:00,20230109,296574745,74.75,75.12,0.37000000000000455,0.004949832775919793,0.0023596840436287303,4506,2569,-1937,0.5899818054173515565550953500,75.21582513409993,74.79869797037904,0,0,
326,11:50:00,20230109,296574745,75.12,75.14,0.01999999999999602,0.00026624068157609184,0.0023532820761606793,2569,3314,745,0.5890644179617474219261567585,75.20066010727994,74.81576307186009,0,0,
327,12:00:00,20230109,296574745,75.14,74.95,-0.18999999999999773,-0.002528613255256824,0.0023538166224384115,3314,2143,-1171,0.5883457746956284155707619778,75.15052808582395,74.82247491826709,0,0,
328,12:10:00,20230109,296574745,74.95,75.09,0.14000000000000057,0.0018679119412942037,0.002352339708513961,2143,2751,608,0.5874198435234190001777908100,75.13842246865916,74.83585117235373,0,0,
329,12:20:00,20230109,296574745,75.09,75.09,0,0,0.002345211406366949,2751,2210,-541,0.5862357099416548750998697207,75.12873797492733,74.84855861373603,0,0,
330,12:30:00,20230109,296574745,75.09,74.96,-0.13000000000000966,-0.0017312558263418518,0.0023433565556720093,2210,1736,-474,0.5851125798149702675429385618,75.09499037994186,74.85413068304923,0,0,
331,12:40:00,20230109,296574745,74.96,75.01,0.05000000000001137,0.0006670224119531933,0.0023383073564439407,1736,1821,85,0.5834976718445653962412782200,75.0779923039535,74.86192414889678,0,0,
332,12:50:00,20230109,296574745,75.01,74.9,-0.10999999999999943,-0.0014664711371817013,0.0023356892296593694,1821,1897,76,0.5818707578458402236443726363,75.0423938431628,74.86382794145194,0,0,
333,13:00:00,20230109,296574745,74.9,74.89,-0.010000000000005116,-0.0001335113484646878,0.0023290958827096846,1897,2289,392,0.5807473186499564631144256117,75.01191507453024,74.86513654437935,0,0,
334,13:10:00,20230109,296574745,74.89,75.13,0.23999999999999488,0.003204700226999531,0.0023317096270209976,2289,2046,-243,0.5793306397738393418477981719,75.03553205962419,74.87837971716039,0,0,
335,13:20:00,20230109,296574745,75.13,75.08,-0.04999999999999716,-0.0006655131106082412,0.0023267507088173883,2046,1061,-985,0.5790392604143206594980614687,75.04442564769936,74.88846073130237,0,0,
336,13:30:00,20230109,296574745,75.08,74.96,-0.12000000000000455,-0.0015982951518381,0.002324589119627539,1061,1499,438,0.5785460225381230344488317145,75.02754051815948,74.89203769473725,0,0,
337,13:40:00,20230109,296574745,74.96,74.93,-0.029999999999986926,-0.0004002134471716506,0.002318895700478261,1499,2998,1499,0.5797929277968859840510541059,75.00803241452759,74.89393581000039,0,1,
338,13:50:00,20230109,296574745,74.93,74.69,-0.2400000000000091,-0.0032029894568264923,0.002321503646662179,2998,1957,-1041,0.5791069058495749308807153154,74.94442593162208,74.88373901950037,0,0,
339,14:00:00,20230109,296574745,74.69,74.82,0.12999999999999545,0.0017405275137233292,0.002319794893330006,1957,3507,1550,0.5797331461712743836148919365,74.91954074529767,74.88055206852535,0,0,
340,14:10:00,20230109,296574745,74.82,74.47,-0.3499999999999943,-0.004677893611333792,0.0023267101388373484,3507,4324,817,0.5787162238837817866861374421,74.82963259623814,74.86002446509909,-1,0,
341,14:20:00,20230109,296574745,74.47,74.64,0.1700000000000017,0.002282798442325792,0.0023265817420639228,4324,9190,4866,0.5803145591970384958426805104,74.79170607699051,74.84902324184414,0,1,
342,14:30:00,20230109,296574745,74.64,74.69,0.04999999999999716,0.0006698821007502299,0.0023217517139551367,9190,1947,-7243,0.5809204621784700862147752154,74.7713648615924,74.84107207975192,0,0,
343,14:40:00,20230109,296574745,74.69,74.7,0.010000000000005116,0.00013388673182494466,0.0023153916413326653,1947,1088,-859,0.5805142735581396415565350974,74.75709188927392,74.83401847576432,0,0,
344,14:50:00,20230109,296574745,74.7,74.81,0.10999999999999943,0.0014725568942436337,0.0023129486420657404,1088,900,-188,0.5793324760047741899100796675,74.76767351141913,74.8328175519761,0,0,
345,15:00:00,20230109,296574745,74.81,74.75,-0.060000000000002274,-0.0008020318139286496,0.0023085818304237255,900,802,-98,0.5779728124581964867279374976,74.7641388091353,74.82867667437729,0,0,
346,15:10:00,20230109,296574745,74.75,74.75,0,0,0.0023019288568490175,802,416,-386,0.5776942071142383935518151023,74.76131104730824,74.82474284065843,0,0,
347,15:20:00,20230109,296574745,74.75,74.79,0.04000000000000625,0.000535117056856271,0.0022968518114467396,416,373,-43,0.5763311932564830666030587813,74.76704883784659,74.82300569862552,0,0,
348,15:30:00,20230109,296574745,74.79,74.76,-0.030000000000001137,-0.00040112314480547043,0.002291419924149773,373,297,-76,0.5752636349698067091524880897,74.76563907027727,74.81985541369424,0,0,
349,15:40:00,20230109,296574745,74.76,74.78,0.01999999999999602,0.00026752273943279854,0.0022856373607648673,297,365,68,0.5742741852383393441441351415,74.76851125622181,74.81786264300953,0,0,
350,15:50:00,20230109,296574745,74.78,74.8,0.01999999999999602,0.000267451190157743,0.0022798875426149894,365,566,201,0.5742069793872524779644324578,74.77480900497744,74.81696951085905,0,0,
351,09:30:00,20230110,296574745,74.8,75.27,0.46999999999999886,0.006283422459893033,0.0022912612213572565,566,4319,3753,0.5914130449272601830392805305,74.87384720398195,74.8396210353161,1,1,BUY
352,09:40:00,20230110,296574745,75.27,75.08,-0.18999999999999773,-0.0025242460475620797,0.002291921235029225,4319,3113,-1206,0.5905286773879265470724073280,74.91507776318556,74.8516399835503,0,0,
353,09:50:00,20230110,296574745,75.08,74.91,-0.1700000000000017,-0.002264251465103912,0.0022918430718373455,3113,3144,31,0.5888886479027635298174146837,74.91406221054845,74.85455798437278,0,0,
354,10:00:00,20230110,296574745,74.91,75.16,0.25,0.003337338139100254,0.002294788128364847,3144,3287,143,0.5873579290651777070226023412,74.96324976843876,74.86983008515413,0,0,
355,10:10:00,20230110,296574745,75.16,74.97,-0.18999999999999773,-0.0025279403938264734,0.00229544305045884,3287,2296,-991,0.5865549312897761086909183718,74.96459981475101,74.87483858089644,0,0,
356,10:20:00,20230110,296574745,74.97,74.76,-0.20999999999999375,-0.0028011204481791885,0.002296859513757777,2296,4071,1775,0.5870774206242399845515622042,74.92367985180081,74.86909665185162,0,0,
357,10:30:00,20230110,296574745,74.76,74.5,-0.2600000000000051,-0.0034777956126271414,0.0023001582179445626,4071,3778,-293,0.5856385800312451944658699665,74.83894388144066,74.85064181925904,-1,0,
358,10:40:00,20230110,296574745,74.5,74.16,-0.3400000000000034,-0.0045637583892617906,0.002306463510900878,3778,5335,1557,0.5851552492130660246757405877,74.70315510515252,74.81610972829608,0,0,
359,10:50:00,20230110,296574745,74.16,74.48,0.3200000000000074,0.004314994606256842,0.0023120427639435333,5335,3314,-2021,0.5845820932958777984747382572,74.658524084122,74.79930424188129,0,0,
360,11:00:00,20230110,296574745,74.48,74.63,0.14999999999999147,0.002013963480128779,0.002311217059556235,3314,2863,-451,0.5833397310375641730560534176,74.6528192672976,74.79083902978722,0,0,
361,11:10:00,20230110,296574745,74.63,75.1,0.46999999999999886,0.00629773549510919,0.0023222295414224033,2863,4292,1429,0.5831070986039806679166973342,74.74225541383808,74.80629707829786,0,0,
362,11:20:00,20230110,296574745,75.1,74.91,-0.18999999999999773,-0.002529960053262287,0.0023228018017855986,4292,5660,1368,0.5823787939952343777935529455,74.77580433107046,74.81148222438296,0,0,
363,11:30:00,20230110,296574745,74.91,75.15,0.2400000000000091,0.003203844613536365,0.0023252222490706283,5660,3918,-1742,0.5816243848128027064454034534,74.85064346485638,74.82840811316382,1,0,
364,11:40:00,20230110,296574745,75.15,75.41,0.2599999999999909,0.0034597471723219015,0.002328330536531591,3918,2701,-1217,0.5808819006409114276941163900,74.9625147718851,74.85748770750563,0,0,
365,11:50:00,20230110,296574745,75.41,75.53,0.12000000000000455,0.0015913008884763898,0.0023263167943237896,2701,3315,614,0.5799158932993367611911193131,75.07601181750807,74.89111332213034,0,0,
366,12:00:00,20230110,296574745,75.53,75.74,0.20999999999999375,0.0027803521779424566,0.0023275539479576278,3315,4513,1198,0.5793204484455943375093585440,75.20880945400646,74.93355765602382,0,0,
367,12:10:00,20230110,296574745,75.74,75.7,-0.03999999999999204,-0.0005281225244255617,0.0023226641886545515,4513,2639,-1874,0.5788745908362755054124815660,75.30704756320517,74.97187977322262,0,0,
368,12:20:00,20230110,296574745,75.7,75.48,-0.21999999999999886,-0.0029062087186261408,0.0023242456101449896,2639,2400,-239,0.5775512575489305504285234694,75.34163805056414,74.9972857845615,0,0,
369,12:30:00,20230110,296574745,75.48,75.67,0.18999999999999773,0.0025172231054583693,0.002324767170943134,2400,1797,-603,0.5766693622582577651570950276,75.40731044045131,75.03092149533343,0,0,
370,12:40:00,20230110,296574745,75.67,75.55,-0.12000000000000455,-0.0015858332232060862,0.002322775435234948,1797,1586,-211,0.5754314877474632105850285260,75.43584835236105,75.05687542056677,0,0,
371,12:50:00,20230110,296574745,75.55,75.4,-0.14999999999999147,-0.001985440105890026,0.002321868619833483,1586,2003,417,0.5745914181540323222814788927,75.42867868188884,75.07403164953843,0,0,
372,13:00:00,20230110,296574745,75.4,75.35,-0.05000000000001137,-0.0006631299734749518,0.0023174215993338626,2003,2600,597,0.5738500280802120516933533033,75.41294294551106,75.0878300670615,0,0,
373,13:10:00,20230110,296574745,75.35,75.53,0.18000000000000682,0.002388852023888611,0.0023176125897738484,2600,1910,-690,0.5730252542494751622091876116,75.43635435640884,75.10993856370843,0,0,
374,13:20:00,20230110,296574745,75.53,75.56,0.030000000000001137,0.00039719316827752066,0.0023124914713165247,1910,2623,713,0.5724926493829948863839596209,75.46108348512708,75.13244163552301,0,0,
375,13:30:00,20230110,296574745,75.56,75.73,0.1700000000000017,0.0022498676548438554,0.00231232491861314,2623,1842,-781,0.5717619526218033852737062910,75.51486678810167,75.16231955374685,0,0,
376,13:40:00,20230110,296574745,75.73,75.47,-0.2600000000000051,-0.00343324970289192,0.0023152981939030043,1842,2585,743,0.5713152787597382187702312783,75.50589343048134,75.17770357605951,0,0,
377,13:50:00,20230110,296574745,75.47,75.7,0.23000000000000398,0.003047568570292884,0.002317235417120967,2585,1691,-894,0.5707187869975428882660802975,75.54471474438506,75.20381839725654,0,0,
378,14:00:00,20230110,296574745,75.7,75.75,0.04999999999999716,0.0006605019815059069,0.002312864088794806,1691,3267,1576,0.5716720168566716219094133212,75.58577179550805,75.23112747739371,0,1,
379,14:10:00,20230110,296574745,75.75,75.59,-0.1599999999999966,-0.0021122112211220674,0.0023123360549325094,3267,2483,-784,0.5707991313194245529834889633,75.58661743640644,75.24907110352403,0,0,
380,14:20:00,20230110,296574745,75.59,75.12,-0.46999999999999886,-0.006217753671120503,0.0023225864948700106,2483,9607,7124,0.5768314431732947747803607063,75.49329394912516,75.24261754834782,0,1,
381,14:30:00,20230110,296574745,75.12,75.15,0.030000000000001137,0.00039936102236423236,0.0023175518732142363,9607,2064,-7543,0.5773767971351567234736087782,75.42463515930012,75.23798667093044,0,0,
382,14:40:00,20230110,296574745,75.15,75.18,0.030000000000001137,0.00039920159680640233,0.0023125431257562524,2064,874,-1190,0.5773746394079027874457565400,75.3757081274401,75.23508733738392,0,0,
383,14:50:00,20230110,296574745,75.18,75.19,0.009999999999990905,0.00013301409949442543,0.002306867268917029,874,626,-248,0.5766099993584340283990257786,75.33856650195209,75.23283297051472,0,0,
384,15:00:00,20230110,296574745,75.19,75.18,-0.009999999999990905,-0.00013299640909683342,0.0023012208510993144,626,764,138,0.5756849013973602982559703446,75.30685320156167,75.23019132198898,0,0,
385,15:10:00,20230110,296574745,75.18,75.26,0.0799999999999983,0.0010641127959563487,0.0022980159079512754,764,371,-393,0.5755261267972613397207603734,75.29748256124934,75.23168175588954,0,0,
386,15:20:00,20230110,296574745,75.26,75.12,-0.14000000000000057,-0.0018602179112410385,0.002296884646977864,371,635,264,0.5758777137990667545362503049,75.26198604899947,75.22609766809506,0,0,
387,15:30:00,20230110,296574745,75.12,75.1,-0.020000000000010232,-0.00026624068157628104,0.0022916510285103343,635,451,-184,0.5751403067519752398470282944,75.22958883919958,75.21979278469031,0,0,
388,15:40:00,20230110,296574745,75.1,75.04,-0.05999999999998806,-0.0007989347536616254,0.0022878137116084094,451,549,98,0.5742203956812033998731854786,75.19167107135966,75.2108031454558,-1,0,
389,15:50:00,20230110,296574745,75.04,75.03,-0.010000000000005116,-0.00013326226012799994,0.0022822892207071776,549,712,163,0.5735093266175025887642677315,75.15933685708774,75.20176298818302,0,0,
