N-term, time, date, conId, Previous Price, Current Price, Difference in Price ($), Difference in Price (%), cumulativeAggregatedAvg, Previous Volume, Current Volume, Difference in Volume, cumulativeAggregatedAvgVolume, SMA 5, SMA20, Crossing SMA Condition, Volume Condition, Order
0,09:30:00,20221227,533620653,182.75,182.95,0.19999999999998863,0.0010943912448699788,0.0010943912448699788,3,3,0,0,,,0,0,
1,09:40:00,20221227,533620653,182.95,182.95,0,0,0.0005471956224349894,3,0,-3,0.5,,,0,0,
2,09:50:00,20221227,533620653,182.95,182.95,0,0,0.0003647970816233263,0,0,0,0.3333333333333333333333333333,,,0,0,
3,10:00:00,20221227,533620653,182.95,182.95,0,0,0.00027359781121749475,0,0,0,0.2500000000000000000000000000,,,0,0,
4,10:10:00,20221227,533620653,182.95,182.95,0,0,0.0002188782489739958,0,0,0,0.2000000000000000000000000000,123.000944,,0,0,
5,10:20:00,20221227,533620653,182.95,182.95,0,0,0.00018239854081166318,0,0,0,0.1666666666666666666666666667,134.9907552,,0,0,
6,10:30:00,20221227,533620653,182.95,182.5,-0.44999999999998863,-0.0024596884394642725,0.0005077256691906073,0,1,1,0.1428571428571428571428571429,144.49260415999998,,0,0,
7,10:40:00,20221227,533620653,182.5,182.5,0,0,0.00044425996054178144,1,0,-1,0.2500000000000000000000000000,152.09408332799998,,0,0,
8,10:50:00,20221227,533620653,182.5,182.5,0,0,0.00039489774270380575,0,0,0,0.2222222222222222222222222222,158.1752666624,,0,0,
9,11:00:00,20221227,533620653,182.5,183,0.5,0.0027397260273972603,0.0006293805711731512,0,2,2,0.2000000000000000000000000000,163.14021332992,,0,0,
10,11:10:00,20221227,533620653,183,183.1,0.09999999999999432,0.000546448087431663,0.0006218412544693795,2,2,0,0.1818181818181818181818181818,167.132170663936,,0,0,
11,11:20:00,20221227,533620653,183.1,182.85,-0.25,-0.001365374112506827,0.0006838023259725001,2,1,-1,0.2083333333333333333333333333,170.2757365311488,,0,0,
12,11:30:00,20221227,533620653,182.85,182.85,0,0,0.0006312021470515386,1,0,-1,0.2692307692307692307692307692,172.79058922491902,,0,0,
13,11:40:00,20221227,533620653,182.85,182.85,0,0,0.0005861162794050001,0,0,0,0.2500000000000000000000000000,174.8024713799352,,0,0,
14,11:50:00,20221227,533620653,182.85,182.85,0,0,0.0005470418607780002,0,0,0,0.2333333333333333333333333333,176.41197710394817,,0,0,
15,12:00:00,20221227,533620653,182.85,182.85,0,0,0.0005128517444793751,0,0,0,0.2187500000000000000000000000,177.69958168315853,,0,0,
16,12:10:00,20221227,533620653,182.85,182.85,0,0,0.00048268399480411774,0,0,0,0.2058823529411764705882352941,178.72966534652682,,0,0,
17,12:20:00,20221227,533620653,182.85,182.85,0,0,0.0004558682173150001,0,0,0,0.1944444444444444444444444444,179.55373227722146,,0,0,
18,12:30:00,20221227,533620653,182.85,182.85,0,0,0.00043187515324578956,0,0,0,0.1842105263157894736842105263,180.21298582177715,,0,0,
19,12:40:00,20221227,533620653,182.85,182.85,0,0,0.00041028139558350006,0,0,0,0.1750000000000000000000000000,180.7403886574217,117.29774284832826,0,0,
20,12:50:00,20221227,533620653,182.85,182.85,0,0,0.0003907441862700001,0,0,0,0.1666666666666666666666666667,181.16231092593736,120.57535570591185,0,0,
21,13:00:00,20221227,533620653,182.85,182.15,-0.6999999999999886,-0.0038282745419742337,0.000546995566074738,0,35,35,0.1590909090909090909090909091,181.3598487407499,123.65408792061625,0,0,
22,13:10:00,20221227,533620653,182.15,182.15,0,0,0.000523213150158445,35,0,-35,0.1956521739130434782608695652,181.51787899259992,126.57888352458544,0,0,
23,13:20:00,20221227,533620653,182.15,182.25,0.09999999999999432,0.000548998078506694,0.0005242875221729554,0,1,1,0.1875000000000000000000000000,181.66430319407993,129.36243934835616,0,0,
24,13:30:00,20221227,533620653,182.25,182.25,0,0,0.0005033160212860371,1,0,-1,0.2200000000000000000000000000,181.78144255526394,132.00681738093837,0,0,
25,13:40:00,20221227,533620653,182.25,182.25,0,0,0.0004839577127750357,0,0,0,0.2115384615384615384615384615,181.87515404421117,134.51897651189145,0,0,
26,13:50:00,20221227,533620653,182.25,182.25,0,0,0.00046603335304262695,0,0,0,0.2037037037037037037037037037,181.95012323536895,136.9055276862969,0,0,
27,14:00:00,20221227,533620653,182.25,182.8,0.5500000000000114,0.0030178326474623396,0.0005571690421290453,0,1,1,0.1964285714285714285714285714,182.12009858829515,139.20025130198206,0,0,
28,14:10:00,20221227,533620653,182.8,182.8,0,0,0.0005379563165383886,1,0,-1,0.2241379310344827586206896551,182.25607887063612,141.38023873688297,0,0,
29,14:20:00,20221227,533620653,182.8,182.8,0,0,0.0005200244393204423,0,0,0,0.2166666666666666666666666666,182.36486309650888,143.4512268000388,0,0,
30,14:30:00,20221227,533620653,182.8,182.8,0,0,0.0005032494574068797,0,0,0,0.2096774193548387096774193548,182.45189047720712,145.41866546003683,0,0,
31,14:40:00,20221227,533620653,182.8,182.8,0,0,0.0004875229118629147,0,0,0,0.2031250000000000000000000000,182.5215123817657,147.28773218703498,0,0,
32,14:50:00,20221227,533620653,182.8,183.2,0.39999999999997726,0.0021881838074397004,0.0005390580905167567,0,5,5,0.1969696969696969696969696970,182.65720990541257,149.08334557768322,0,0,
33,15:00:00,20221227,533620653,183.2,183.2,0,0,0.0005232034407956755,5,0,-5,0.2205882352941176470588235294,182.76576792433008,150.78917829879904,0,0,
34,15:10:00,20221227,533620653,183.2,183.2,0,0,0.0005082547710586562,0,0,0,0.2142857142857142857142857143,182.85261433946408,152.40971938385908,0,0,
35,15:20:00,20221227,533620653,183.2,183.2,0,0,0.0004941365829736936,0,0,0,0.2083333333333333333333333333,182.92209147157126,153.94923341466614,0,0,
36,15:30:00,20221227,533620653,183.2,183.2,0,0,0.00048078154019062075,0,0,0,0.2027027027027027027027027027,182.97767317725703,155.41177174393283,0,0,
37,15:40:00,20221227,533620653,183.2,183.2,0,0,0.00046812939439613073,0,0,0,0.1973684210526315789473684211,183.02213854180565,156.8011831567362,0,0,
38,15:50:00,20221227,533620653,183.2,183.2,0,0,0.00045612607659110174,0,0,0,0.1923076923076923076923076924,183.0577108334445,158.12112399889938,0,0,
39,09:30:00,20221228,533620653,183.2,182.6,-0.5999999999999943,-0.003275109170305646,0.0005266006539339654,0,0,0,0.1875000000000000000000000001,182.9661686667556,159.3450677989544,0,0,
40,09:40:00,20221228,533620653,182.6,182.6,0,0,0.0005137567355453321,0,0,0,0.1829268292682926829268292684,182.8929349334045,160.50781440900667,0,0,
41,09:50:00,20221228,533620653,182.6,182.6,0,0,0.0005015244323180623,0,0,0,0.1785714285714285714285714287,182.8343479467236,161.61242368855633,0,0,
42,10:00:00,20221228,533620653,182.6,182.6,0,0,0.0004898610734269445,0,0,0,0.1744186046511627906976744187,182.78747835737886,162.6618025041285,0,0,
43,10:10:00,20221228,533620653,182.6,182.6,0,0,0.0004787278672126958,0,0,0,0.1704545454545454545454545455,182.7499826859031,163.65871237892208,0,0,
44,10:20:00,20221228,533620653,182.6,182.6,0,0,0.00046808947016352474,0,0,0,0.1666666666666666666666666667,182.71998614872246,164.60577675997598,0,0,
45,10:30:00,20221228,533620653,182.6,182.6,0,0,0.0004579136121164916,0,0,0,0.1630434782608695652173913044,182.69598891897795,165.5054879219772,0,0,
46,10:40:00,20221228,533620653,182.6,182.6,0,0,0.00044817076930550245,0,0,0,0.1595744680851063829787234043,182.67679113518233,166.36021352587832,0,0,
47,10:50:00,20221228,533620653,182.6,182.6,0,0,0.0004388338782783045,0,0,0,0.1562500000000000000000000000,182.66143290814585,167.1722028495844,0,0,
48,11:00:00,20221228,533620653,182.6,182.6,0,0,0.00042987808484405335,0,0,0,0.1530612244897959183673469388,182.6491463265167,167.94359270710518,0,0,
49,11:10:00,20221228,533620653,182.6,182.6,0,0,0.0004212805231471723,0,0,0,0.1500000000000000000000000000,182.63931706121338,168.67641307174992,0,0,
50,11:20:00,20221228,533620653,182.6,182.6,0,0,0.00041302012073252185,0,0,0,0.1470588235294117647058823529,182.6314536489707,169.3725924181624,0,0,
51,11:30:00,20221228,533620653,182.6,182.6,0,0,0.0004050774261030503,0,0,0,0.1442307692307692307692307692,182.62516291917655,170.03396279725428,0,0,
52,11:40:00,20221228,533620653,182.6,182.6,0,0,0.00039743445579921917,0,0,0,0.1415094339622641509433962264,182.62013033534123,170.66226465739155,0,0,
53,11:50:00,20221228,533620653,182.6,182.6,0,0,0.000390074558469604,0,0,0,0.1388888888888888888888888889,182.61610426827298,171.25915142452197,0,0,
54,12:00:00,20221228,533620653,182.6,182.6,0,0,0.00038298229377015667,0,0,0,0.1363636363636363636363636364,182.61288341461835,171.82619385329588,0,0,
55,12:10:00,20221228,533620653,182.6,182.6,0,0,0.0003761433242385467,0,0,0,0.1339285714285714285714285715,182.61030673169466,172.36488416063108,0,0,
56,12:20:00,20221228,533620653,182.6,182.6,0,0,0.0003695443185501512,0,0,0,0.1315789473684210526315789474,182.6082453853557,172.87663995259953,0,0,
57,12:30:00,20221228,533620653,182.6,182.6,0,0,0.0003631728647820451,0,0,0,0.1293103448275862068965517242,182.60659630828457,173.36280795496955,0,0,
58,12:40:00,20221228,533620653,182.6,181.65,-0.9499999999999886,-0.005202628696604538,0.0004451975398976806,0,1,1,0.1271186440677966101694915255,182.41527704662764,173.77716755722108,0,0,
59,12:50:00,20221228,533620653,181.65,181.5,-0.15000000000000568,-0.0008257638315442097,0.0004515403114251227,1,1,0,0.1250000000000000000000000001,182.23222163730213,174.16330917936,0,0,
60,13:00:00,20221228,533620653,181.5,181.5,0,0,0.0004441380112378256,1,0,-1,0.1393442622950819672131147542,182.08577730984172,174.53014372039198,0,0,
61,13:10:00,20221228,533620653,181.5,181.5,0,0,0.0004369744949275381,0,0,0,0.1370967741935483870967741936,181.96862184787335,174.87863653437236,0,0,
62,13:20:00,20221228,533620653,181.5,181.5,0,0,0.00043003839183345017,0,0,0,0.1349206349206349206349206350,181.8748974782987,175.20970470765374,0,0,
63,13:30:00,20221228,533620653,181.5,181.5,0,0,0.0004233190419610525,0,0,0,0.1328125000000000000000000001,181.79991798263893,175.52421947227106,0,0,
64,13:40:00,20221228,533620653,181.5,181.5,0,0,0.00041680644131549785,0,0,0,0.1307692307692307692307692309,181.73993438611114,175.8230084986575,0,0,
65,13:50:00,20221228,533620653,181.5,181.5,0,0,0.000410491192204657,0,0,0,0.1287878787878787878787878789,181.69194750888892,176.1068580737246,0,0,
66,14:00:00,20221228,533620653,181.5,181.5,0,0,0.0004043644579926472,0,0,0,0.1268656716417910447761194031,181.65355800711114,176.37651517003835,0,0,
67,14:10:00,20221228,533620653,181.5,180.7,-0.8000000000000114,-0.0044077134986226525,0.000463237238001912,0,4,4,0.1250000000000000000000000001,181.46284640568894,176.5926894115364,0,0,
68,14:20:00,20221228,533620653,180.7,180.7,0,0,0.00045652365484246397,4,0,-4,0.1376811594202898550724637682,181.31027712455113,176.7980549409596,0,0,
69,14:30:00,20221228,533620653,180.7,180.35,-0.3499999999999943,-0.0019369120088544235,0.0004776720598997777,0,1,1,0.1357142857142857142857142858,181.1182216996409,176.97565219391163,0,0,
70,14:40:00,20221228,533620653,180.35,180.35,0,0,0.0004709442844082315,1,0,-1,0.1478873239436619718309859156,180.96457735971273,177.14436958421607,0,0,
71,14:50:00,20221228,533620653,180.35,180.45,0.09999999999999432,0.0005544774050457128,0.00047210446663930764,0,59,59,0.1458333333333333333333333334,180.8616618877702,177.30965110500526,0,0,
72,15:00:00,20221228,533620653,180.45,180.45,0,0,0.0004656372821647966,59,0,-59,0.1575342465753424657534246576,180.77932951021617,177.466668549755,0,0,
73,15:10:00,20221228,533620653,180.45,180.45,0,0,0.0004593448864598669,0,0,0,0.1554054054054054054054054055,180.71346360817293,177.61583512226727,0,0,
74,15:20:00,20221228,533620653,180.45,180.45,0,0,0.00045322028797373535,0,0,0,0.1533333333333333333333333334,180.66077088653836,177.75754336615393,0,0,
75,15:30:00,20221228,533620653,180.45,180.45,0,0,0.00044725686313197566,0,0,0,0.1513157894736842105263157895,180.61861670923068,177.89216619784625,0,0,
76,15:40:00,20221228,533620653,180.45,180.45,0,0,0.00044144833244195,0,0,0,0.1493506493506493506493506494,180.58489336738455,178.02005788795395,0,0,
77,15:50:00,20221228,533620653,180.45,180.45,0,0,0.00043578873843628396,0,0,0,0.1474358974358974358974358975,180.55791469390763,178.14155499355627,0,0,
78,09:30:00,20221229,533620653,180.45,183.85,3.4000000000000057,0.018841784427819374,0.0006687760256436649,0,1,1,0.1455696202531645569620253165,181.21633175512608,178.42697724387844,0,0,
79,09:40:00,20221229,533620653,183.85,183.9,0.05000000000001137,0.00027196083763944177,0.000663815835793612,1,3,2,0.1687500000000000000000000000,181.75306540410085,178.7006283816845,0,1,
80,09:50:00,20221229,533620653,183.9,183.9,0,0,0.0006556205785615922,3,0,-3,0.1790123456790123456790123457,182.18245232328067,178.96059696260028,0,0,
81,10:00:00,20221229,533620653,183.9,184,0.09999999999999432,0.0005437737901032861,0.0006542565933364909,0,1,1,0.1768292682926829268292682927,182.54596185862454,179.21256711447026,0,0,
82,10:10:00,20221229,533620653,184,183.5,-0.5,-0.002717391304347826,0.0006791136380474708,1,2,1,0.1867469879518072289156626506,182.73676948689962,179.42693875874676,0,1,
83,10:20:00,20221229,533620653,183.5,183.5,0,0,0.0006710289518802391,2,0,-2,0.1964285714285714285714285714,182.88941558951967,179.63059182080943,0,0,
84,10:30:00,20221229,533620653,183.5,183.35,-0.15000000000000568,-0.0008174386920981236,0.0006727514194122142,0,1,1,0.1941176470588235294117647059,182.98153247161576,179.81656222976895,0,0,
85,10:40:00,20221229,533620653,183.35,183.6,0.25,0.0013635124079629125,0.0006807835239302456,1,1,0,0.1918604651162790697674418605,183.1052259772926,180.00573411828051,0,0,
86,10:50:00,20221229,533620653,183.6,183.6,0,0,0.0006729584259540358,1,0,-1,0.2011494252873563218390804598,183.20418078183408,180.1854474123665,0,0,
87,11:00:00,20221229,533620653,183.6,183.6,0,0,0.000665311171113649,0,0,0,0.1988636363636363636363636364,183.28334462546727,180.35617504174817,0,0,
88,11:10:00,20221229,533620653,183.6,183.6,0,0,0.0006578357646966417,0,0,0,0.1966292134831460674157303371,183.34667570037382,180.51836628966078,0,0,
89,11:20:00,20221229,533620653,183.6,184.55,0.950000000000017,0.005174291938997914,0.0007080186110777669,0,31,31,0.1944444444444444444444444445,183.58734056029905,180.71994797517772,0,0,
90,11:30:00,20221229,533620653,184.55,184.55,0,0,0.000700238186780209,31,0,-31,0.2032967032967032967032967034,183.77987244823925,180.91145057641882,0,0,
91,11:40:00,20221229,533620653,184.55,184.55,0,0,0.0006926269021412936,0,0,0,0.2010869565217391304347826088,183.9338979585914,181.09337804759787,0,0,
92,11:50:00,20221229,533620653,184.55,184.55,0,0,0.0006851793010430002,0,0,0,0.1989247311827956989247311829,184.0571183668731,181.26620914521797,0,0,
93,12:00:00,20221229,533620653,184.55,184.55,0,0,0.0006778901595425427,0,0,0,0.1968085106382978723404255320,184.15569469349848,181.43039868795705,0,0,
94,12:10:00,20221229,533620653,184.55,184.55,0,0,0.0006707544736526212,0,0,0,0.1947368421052631578947368422,184.23455575479878,181.5863787535592,0,0,
95,12:20:00,20221229,533620653,184.55,184.55,0,0,0.0006637674478854064,0,0,0,0.1927083333333333333333333334,184.29764460383902,181.73455981588123,0,0,
96,12:30:00,20221229,533620653,184.55,184.05,-0.5,-0.0027092928745597396,0.000684855338882049,0,2,2,0.1907216494845360824742268042,184.2481156830712,181.85033182508715,0,0,
97,12:40:00,20221229,533620653,184.05,184.05,0,0,0.0006778670190975383,2,0,-2,0.1989795918367346938775510205,184.20849254645697,181.96031523383277,0,0,
98,12:50:00,20221229,533620653,184.05,184.05,0,0,0.0006710198774904925,0,0,0,0.1969696969696969696969696971,184.17679403716556,182.06479947214115,0,0,
99,13:00:00,20221229,533620653,184.05,184,-0.05000000000001137,-0.0002716653083401867,0.0006670263317989895,0,2,2,0.1950000000000000000000000001,184.14143522973245,182.16155949853407,0,0,
100,13:10:00,20221229,533620653,184,184,0,0,0.0006604221106920688,2,0,-2,0.2029702970297029702970297031,184.11314818378594,182.25348152360735,0,0,
101,13:20:00,20221229,533620653,184,184,0,0,0.0006539473841166563,0,0,0,0.2009803921568627450980392158,184.09051854702875,182.34080744742698,0,0,
102,13:30:00,20221229,533620653,184,184,0,0,0.0006475983803873684,0,0,0,0.1990291262135922330097087380,184.072414837623,182.42376707505562,0,0,
103,13:40:00,20221229,533620653,184,184,0,0,0.0006413714728836437,0,0,0,0.1971153846153846153846153848,184.0579318700984,182.50257872130283,0,0,
104,13:50:00,20221229,533620653,184,184,0,0,0.0006352631731418947,0,0,0,0.1952380952380952380952380954,184.04634549607874,182.57744978523766,0,0,
105,14:00:00,20221229,533620653,184,184,0,0,0.0006292701243386693,0,0,0,0.1933962264150943396226415096,184.03707639686297,182.64857729597577,0,0,
106,14:10:00,20221229,533620653,184,184,0,0,0.0006233890951392424,0,0,0,0.1915887850467289719626168226,184.02966111749038,182.71614843117698,0,0,
107,14:20:00,20221229,533620653,184,184,0,0,0.0006176169738879531,0,0,0,0.1898148148148148148148148150,184.0237288939923,182.78034100961813,0,0,
108,14:30:00,20221229,533620653,184,184,0,0,0.0006119507631183389,0,0,0,0.1880733944954128440366972479,184.01898311519386,182.8413239591372,0,0,
109,14:40:00,20221229,533620653,184,184.3,0.30000000000001137,0.0016304347826087574,0.00062120970875007,0,1,1,0.1863636363636363636363636366,184.07518649215507,182.91425776118035,0,0,
110,14:50:00,20221229,533620653,184.3,184.35,0.04999999999998295,0.00027129679869768283,0.0006180573401910395,1,50,49,0.6261261261261261261261261264,184.13014919372407,182.98604487312133,0,1,
111,15:00:00,20221229,533620653,184.35,184.35,0,0,0.0006125389710821909,50,0,-50,0.6294642857142857142857142860,184.17411935497927,183.05424262946528,0,0,
112,15:10:00,20221229,533620653,184.35,184.35,0,0,0.0006071182722230565,0,0,0,0.6238938053097345132743362835,184.20929548398342,183.11903049799201,0,0,
113,15:20:00,20221229,533620653,184.35,184.35,0,0,0.0006017926733439069,0,0,0,0.6184210526315789473684210529,184.23743638718673,183.18057897309242,0,0,
114,15:30:00,20221229,533620653,184.35,184.35,0,0,0.000596559693575699,0,0,0,0.6130434782608695652173913046,184.25994910974939,183.2390500244378,0,0,
115,15:40:00,20221229,533620653,184.35,184.35,0,0,0.0005914169375965981,0,0,0,0.6077586206896551724137931037,184.27795928779952,183.2945975232159,0,0,
116,15:50:00,20221229,533620653,184.35,184.35,0,0,0.0005863620919761143,0,0,0,0.6025641025641025641025641028,184.2923674302396,183.3473676470551,0,0,
117,09:30:00,20221230,533620653,184.35,182.9,-1.4499999999999886,-0.007865473284513093,0.0006480494749637159,0,0,0,0.5974576271186440677966101697,184.0138939441917,183.32499926470237,0,0,
118,09:40:00,20221230,533620653,182.9,182.9,0,0,0.0006426036810564577,0,0,0,0.5924369747899159663865546221,183.79111515535334,183.30374930146726,0,0,
119,09:50:00,20221230,533620653,182.9,182.9,0,0,0.0006372486503809872,0,0,0,0.5875000000000000000000000002,183.61289212428267,183.28356183639391,0,0,
120,10:00:00,20221230,533620653,182.9,182.9,0,0,0.0006319821326092435,0,0,0,0.5826446280991735537190082647,183.47031369942613,183.26438374457422,0,0,
121,10:10:00,20221230,533620653,182.9,182.9,0,0,0.0006268019511944136,0,0,0,0.5778688524590163934426229511,183.3562509595409,183.2461645573455,0,0,
122,10:20:00,20221230,533620653,182.9,182.9,0,0,0.0006217060003716947,0,0,0,0.5731707317073170731707317076,183.26500076763273,183.22885632947825,0,0,
123,10:30:00,20221230,533620653,182.9,182.9,0,0,0.000616692242304181,0,0,0,0.5685483870967741935483870971,183.19200061410618,183.21241351300435,-1,0,
124,10:40:00,20221230,533620653,182.9,182.65,-0.25,-0.001366867140513942,0.0006226936414898591,0,5,5,0.5640000000000000000000000003,183.08360049128495,183.18429283735412,0,0,
125,10:50:00,20221230,533620653,182.65,182.65,0,0,0.0006177516284621618,5,0,-5,0.5674603174603174603174603178,182.99688039302796,183.1575781954864,0,0,
126,11:00:00,20221230,533620653,182.65,182.65,0,0,0.0006128874424112786,0,0,0,0.5629921259842519685039370082,182.92750431442238,183.13219928571206,0,0,
127,11:10:00,20221230,533620653,182.65,182.65,0,0,0.0006080992592674405,0,0,0,0.5585937500000000000000000003,182.8720034515379,183.10808932142646,0,0,
128,11:20:00,20221230,533620653,182.65,182.65,0,0,0.0006033853115211813,0,0,0,0.5542635658914728682170542639,182.8276027612303,183.08518485535512,0,0,
129,11:30:00,20221230,533620653,182.65,182.65,0,0,0.0005987438860479414,0,0,0,0.5500000000000000000000000003,182.79208220898425,183.06342561258737,0,0,
130,11:40:00,20221230,533620653,182.65,182.65,0,0,0.0005941733220323083,0,0,0,0.5458015267175572519083969469,182.7636657671874,183.04275433195798,0,0,
131,11:50:00,20221230,533620653,182.65,182.65,0,0,0.0005896720089866089,0,0,0,0.5416666666666666666666666670,182.74093261374992,183.02311661536007,0,0,
132,12:00:00,20221230,533620653,182.65,182.65,0,0,0.0005852383848588901,0,0,0,0.5375939849624060150375939853,182.72274609099995,183.00446078459206,0,0,
133,12:10:00,20221230,533620653,182.65,182.65,0,0,0.0005808709342256148,0,0,0,0.5335820895522388059701492541,182.70819687279996,182.98673774536243,0,0,
134,12:20:00,20221230,533620653,182.65,181.6,-1.0500000000000114,-0.0057486996988776965,0.0006191511472971117,0,1,1,0.5296296296296296296296296300,182.48655749823996,182.9174008580943,0,0,
135,12:30:00,20221230,533620653,181.6,181.65,0.05000000000001137,0.00027533039647583356,0.0006166230535410728,1,1,0,0.5257352941176470588235294121,182.31924599859195,182.85403081518962,0,0,
136,12:40:00,20221230,533620653,181.65,181.65,0,0,0.000612122155340043,1,0,-1,0.5291970802919708029197080295,182.18539679887357,182.79382927443015,0,0,
137,12:50:00,20221230,533620653,181.65,181.55,-0.09999999999999432,-0.0005505092210294209,0.0006116756848015603,0,1,1,0.5253623188405797101449275365,182.05831743909886,182.73163781070866,0,0,
138,13:00:00,20221230,533620653,181.55,181.55,0,0,0.000607275140306585,1,0,-1,0.5287769784172661870503597125,181.9566539512791,182.67255592017324,0,0,
139,13:10:00,20221230,533620653,181.55,180.8,-0.75,-0.004131093362709997,0.0006324452704666094,0,2,2,0.5250000000000000000000000003,181.72532316102328,182.57892812416458,0,0,
140,13:20:00,20221230,533620653,180.8,180.8,0,0,0.0006279598430164917,2,0,-2,0.5283687943262411347517730499,181.5402585288186,182.48998171795634,0,0,
141,13:30:00,20221230,533620653,180.8,180.95,0.14999999999997726,0.0008296460176989893,0.0006293801681903121,0,1,1,0.5246478873239436619718309862,181.4222068230549,182.41298263205852,0,0,
142,13:40:00,20221230,533620653,180.95,180.95,0,0,0.0006249789082728973,1,0,-1,0.5279720279720279720279720283,181.3277654584439,182.3398335004556,0,0,
143,13:50:00,20221230,533620653,180.95,180.65,-0.29999999999998295,-0.0016579165515334788,0.0006321520863510958,0,1,1,0.5243055555555555555555555559,181.19221236675511,182.25534182543282,0,0,
144,14:00:00,20221230,533620653,180.65,180.5,-0.15000000000000568,-0.0008303349017437348,0.0006335188643882864,1,1,0,0.5206896551724137931034482762,181.05376989340408,182.16757473416118,0,0,
145,14:10:00,20221230,533620653,180.5,181.45,0.9499999999999886,0.0052631578947367795,0.0006652287207605363,1,4,3,0.5376712328767123287671232880,181.13301591472325,182.1316959974531,0,1,
146,14:20:00,20221230,533620653,181.45,181.35,-0.09999999999999432,-0.0005511160099200569,0.0006644524438160433,4,5,1,0.5357142857142857142857142860,181.1764127317786,182.09261119758045,0,0,
147,14:30:00,20221230,533620653,181.35,181.75,0.4000000000000057,0.002205679625034495,0.0006748661409864382,5,9,4,0.5375000000000000000000000003,181.29113018542287,182.07548063770145,0,0,
148,14:40:00,20221230,533620653,181.75,182.25,0.5,0.002751031636863824,0.000688800137603065,9,5,-4,0.5368754660700969425801640570,181.48290414833832,182.08420660581638,0,0,
149,14:50:00,20221230,533620653,182.25,182.55,0.30000000000001137,0.0016460905349794863,0.0006951820735855744,5,9,4,0.5386296296296296296296296300,181.69632331867064,182.10749627552556,0,0,
150,15:00:00,20221230,533620653,182.55,182.55,0,0,0.000690578218793617,9,0,-9,0.5416850625459896983075791026,181.8670586549365,182.12962146174928,0,0,
151,15:10:00,20221230,533620653,182.55,182.55,0,0,0.0006860349410383958,0,0,0,0.5381213450292397660818713453,182.0036469239492,182.15064038866183,0,0,
152,15:20:00,20221230,533620653,182.55,182.55,0,0,0.0006815510525348769,0,0,0,0.5346042120551924473493100947,182.11291753915935,182.17060836922875,0,0,
153,15:30:00,20221230,533620653,182.55,182.55,0,0,0.0006771253963495855,0,0,0,0.5311327561327561327561327564,182.2003340313275,182.1895779507673,1,0,
154,15:40:00,20221230,533620653,182.55,182.55,0,0,0.0006727568454053946,0,0,0,0.5277060931899641577060931902,182.270267225062,182.20759905322893,0,0,
155,15:50:00,20221230,533620653,182.55,182.55,0,0,0.0006684443015245908,0,0,0,0.5243233618233618233618233621,182.3262137800496,182.22471910056748,0,0,
156,09:30:00,20230103,533620653,182.55,182.3,-0.25,-0.001369487811558477,0.0006729095468114308,0,0,0,0.5209837225760792639773531496,182.3209710240397,182.22848314553912,0,0,
157,09:40:00,20230103,533620653,182.3,182.6,0.29999999999998295,0.0016456390565001806,0.0006790660626955369,0,3,3,0.5176863572433192686357243322,182.37677681923174,182.24705898826215,0,0,
158,09:50:00,20230103,533620653,182.6,182.6,0,0,0.0006747952069553134,3,1,-2,0.5186233403214535290006988123,182.42142145538537,182.26470603884906,0,0,
159,10:00:00,20230103,533620653,182.6,182.95,0.3499999999999943,0.0019167579408542954,0.000682557474042182,1,3,2,0.5278819444444444444444444447,182.5271371643083,182.29897073690663,0,1,
160,10:10:00,20230103,533620653,182.95,181.85,-1.0999999999999943,-0.006012571740912787,0.0007156631527183969,3,1,-2,0.5287439613526570048309178747,182.39170973144664,182.2765222000613,0,0,
161,10:20:00,20230103,533620653,181.85,181.85,0,0,0.0007112454789361845,1,0,-1,0.5316529492455418381344307273,182.2833677851573,182.25519609005823,0,0,
162,10:30:00,20230103,533620653,181.85,181.65,-0.19999999999998863,-0.0010998075336815431,0.0007136292952229659,0,1,1,0.5283912747102931152010906615,182.15669422812584,182.22493628555534,-1,0,
163,10:40:00,20230103,533620653,181.65,181.45,-0.20000000000001705,-0.0011010184420589984,0.0007159914241670881,1,3,2,0.5373644986449864498644986453,182.01535538250067,182.18618947127757,0,1,
164,10:50:00,20230103,533620653,181.45,181.45,0,0,0.0007116520822024391,3,0,-3,0.5401683501683501683501683505,181.90228430600052,182.14937999771368,0,0,
165,11:00:00,20230103,533620653,181.45,181.9,0.45000000000001705,0.002480022044640491,0.0007223049133014635,0,3,3,0.5369143239625167336010709508,181.9018274448004,182.13691099782798,0,0,
166,11:10:00,20230103,533620653,181.9,181.9,0,0,0.0007179797341798979,3,0,-3,0.5396872920825016633399866936,181.90146195584032,182.12506544793658,0,0,
167,11:20:00,20230103,533620653,181.9,182.05,0.15000000000000568,0.000824628916987387,0.0007186145507442281,0,2,2,0.5364748677248677248677248680,181.93116956467225,182.12131217553974,0,0,
168,11:30:00,20230103,533620653,182.05,182.05,0,0,0.0007143623936392327,2,0,-2,0.5392176199868507560815253126,181.9549356517378,182.11774656676275,0,0,
169,11:40:00,20230103,533620653,182.05,181.05,-1,-0.005492996429552321,0.000742472005615192,0,1,1,0.5360457516339869281045751637,181.77394852139025,182.06435923842463,0,0,
170,11:50:00,20230103,533620653,181.05,181.05,0,0,0.0007381300640618868,1,0,-1,0.5387589343729694606887589347,181.6291588171122,182.0136412765034,0,0,
171,12:00:00,20230103,533620653,181.05,181,-0.05000000000001137,-0.0002761668047501318,0.0007354442311589115,0,1,1,0.5356266149870801033591731269,181.50332705368976,181.96295921267824,0,0,
172,12:10:00,20230103,533620653,181,181,0,0,0.0007311931084354495,1,0,-1,0.5383108542068079640333975597,181.40266164295178,181.91481125204433,0,0,
173,12:20:00,20230103,533620653,181,182,1,0.0055248618784530384,0.0007587429289527919,0,2,2,0.5352171136653895274584929760,181.52212931436142,181.91907068944212,0,0,
174,12:30:00,20230103,533620653,182,181.85,-0.15000000000000568,-0.0008241758241758554,0.0007591168312112095,2,4,2,0.5378730158730158730158730161,181.58770345148915,181.91561715497002,0,1,
175,12:40:00,20230103,533620653,181.85,181.8,-0.04999999999998295,-0.00027495188342030767,0.0007563658940078521,4,2,-2,0.5376578282828282828282828285,181.63016276119134,181.90983629722152,0,0,
176,12:50:00,20230103,533620653,181.8,181.8,0,0,0.0007520926403693897,2,0,-2,0.5402699309478970495919648464,181.66413020895305,181.90434448236044,0,0,
177,13:00:00,20230103,533620653,181.8,182.1,0.29999999999998295,0.0016501650165015563,0.0007571379907970985,0,1,1,0.5372347066167290886392009989,181.75130416716246,181.91412725824242,0,0,
178,13:10:00,20230103,533620653,182.1,181.8,-0.29999999999998295,-0.0016474464579900217,0.000762111781116612,1,3,2,0.5454065797641216635630043453,181.76104333372996,181.9084208953303,0,1,
179,13:20:00,20230103,533620653,181.8,181.8,0,0,0.0007578778267770753,3,1,-2,0.5460802469135802469135802471,181.768834666984,181.9029998505638,0,0,
180,13:30:00,20230103,533620653,181.8,181.8,0,0,0.0007536906564633898,1,0,-1,0.5485880908532842234499693065,181.7750677335872,181.8978498580356,0,0,
181,13:40:00,20230103,533620653,181.8,181.2,-0.6000000000000227,-0.0033003300330034253,0.0007676831805103131,0,1,1,0.5455738705738705738705738707,181.6600541868698,181.86295736513384,0,0,
182,13:50:00,20230103,533620653,181.2,182.2,1,0.005518763796909493,0.0007936453696709644,1,1,0,0.5425925925925925925925925927,181.76804334949583,181.87980949687716,0,0,
183,14:00:00,20230103,533620653,182.2,182.2,0,0,0.0007893320796184048,1,0,-1,0.5450785024154589371980676330,181.85443467959666,181.89581902203332,0,0,
184,14:10:00,20230103,533620653,182.2,182.2,0,0,0.0007850654197285755,0,0,0,0.5421321321321321321321321323,181.92354774367732,181.91102807093165,1,0,
185,14:20:00,20230103,533620653,182.2,182.8,0.6000000000000227,0.003293084522502869,0.000798549393399405,0,2,2,0.5392174432497013142174432499,182.09883819494186,181.95547666738508,0,0,
186,14:30:00,20230103,533620653,182.8,183,0.19999999999998863,0.0010940919037198502,0.0008001298346310651,2,1,-1,0.5390077243018419489007724304,182.2790705559535,182.00770283401584,0,0,
187,14:40:00,20230103,533620653,183,183,0,0,0.0007958738248723893,1,0,-1,0.5414598108747044917257683217,182.42325644476279,182.05731769231505,0,0,
188,14:50:00,20230103,533620653,183,183,0,0,0.0007916628522540169,0,0,0,0.5385949441504997060552616110,182.53860515581022,182.1044518076993,0,0,
189,15:00:00,20230103,533620653,183,183,0,0,0.0007874962056632062,0,0,0,0.5357602339181286549707602341,182.63088412464816,182.14922921731434,0,0,
190,15:10:00,20230103,533620653,183,183,0,0,0.0007833731888796292,0,0,0,0.5329552065154159394997091334,182.70470729971854,182.19176775644863,0,0,
191,15:20:00,20230103,533620653,183,183,0,0,0.0007792931201875479,0,0,0,0.5301793981481481481481481483,182.76376583977483,182.2321793686262,0,0,
192,15:30:00,20230103,533620653,183,183,0,0,0.0007752553320000477,0,0,0,0.5274323546344271732872769144,182.81101267181987,182.27057040019488,0,0,
193,15:40:00,20230103,533620653,183,183,0,0,0.0007712591704948928,0,0,0,0.5247136311569301260022909509,182.8488101374559,182.30704188018515,0,0,
194,15:50:00,20230103,533620653,183,183,0,0,0.0007673039952615856,0,0,0,0.5220227920227920227920227922,182.8790481099647,182.3416897861759,0,0,
195,09:30:00,20230104,533620653,183,186.4,3.4000000000000057,0.018579234972677626,0.0008581811941259531,0,3,3,0.5193594104308390022675736963,183.58323848797178,182.54460529686708,0,0,
196,09:40:00,20230104,533620653,186.4,187.1,0.6999999999999886,0.0037553648068668916,0.0008728877099266686,3,4,1,0.5184151156232374506486181615,184.28659079037743,182.77237503202372,0,0,
197,09:50:00,20230104,533620653,187.1,187.1,0,0,0.0008684791861391602,4,0,-4,0.5208473625140291806958473627,184.84927263230196,182.9887562804225,0,0,
198,10:00:00,20230104,533620653,187.1,187.1,0,0,0.0008641149691233855,0,0,0,0.5182300390843104410943606925,185.2994181058416,183.19431846640137,0,0,
199,10:10:00,20230104,533620653,187.1,187.1,0,0,0.0008597943942777686,0,0,0,0.5156388888888888888888888890,185.65953448467326,183.38960254308128,0,0,
200,10:20:00,20230104,533620653,187.1,187.1,0,0,0.0008555168102266354,0,8,8,0.5130735212824765063571033721,185.94762758773862,183.5751224159272,0,0,
201,10:30:00,20230104,533620653,187.1,187.45,0.3499999999999943,0.001870657402458548,0.0008605422587030311,8,2,-6,0.5142464246424642464246424643,186.2481020701909,183.76886629513086,0,0,
202,10:40:00,20230104,533620653,187.45,187.8,0.35000000000002274,0.0018671645772207137,0.0008655009893361231,2,1,-1,0.5141762452107279693486590039,186.5584816561527,183.97042298037434,0,0,
203,10:50:00,20230104,533620653,187.8,188.3,0.5,0.0026624068157614484,0.0008743093512303649,1,2,1,0.5165577342047930283224400872,186.90678532492217,184.1869018313556,0,1,
204,11:00:00,20230104,533620653,188.3,188.4,0.09999999999999432,0.0005310674455655566,0.0008726350004710243,2,3,1,0.5164769647696476964769647697,187.20542825993775,184.39755673978783,0,0,
205,11:10:00,20230104,533620653,188.4,188.4,0,0,0.0008683989082357281,3,3,0,0.5139697950377562028047464941,187.4443426079502,184.59767890279844,0,0,
206,11:20:00,20230104,533620653,188.4,188.45,0.04999999999998295,0.00026539278131625766,0.0008654858351588225,3,2,-1,0.5130971551261406333870101986,187.64547408636017,184.7902949576585,0,0,
207,11:30:00,20230104,533620653,188.45,188.6,0.15000000000000568,0.0007959671000265624,0.0008651516104706866,2,2,0,0.5106303418803418803418803419,187.83637926908813,184.98078020977556,0,0,
208,11:40:00,20230104,533620653,188.6,188.7,0.09999999999999432,0.000530222693531253,0.0008635490797676271,2,1,-1,0.5105794790005316321105794790,188.0091034152705,185.16674119928678,0,0,
209,11:50:00,20230104,533620653,188.7,188.75,0.05000000000001137,0.00026497085320620757,0.0008606987072601917,1,9,8,0.5462433862433862433862433862,188.1572827322164,185.34590413932244,0,1,
210,12:00:00,20230104,533620653,188.75,188.4,-0.3499999999999943,-0.0018543046357615593,0.0008654077400966911,9,2,-7,0.5473407056345444971037388099,188.20582618577313,185.49860893235632,0,0,
211,12:10:00,20230104,533620653,188.4,188.85,0.44999999999998863,0.0023885350318470734,0.0008725923027936268,2,2,0,0.5447589098532494758909853249,188.33466094861848,185.6661784857385,0,0,
212,12:20:00,20230104,533620653,188.85,188.8,-0.04999999999998295,-0.0002647603918452896,0.0008697386318502074,2,1,-1,0.5445487741262389149713093375,188.42772875889477,185.82286956145157,0,0,
213,12:30:00,20230104,533620653,188.8,188.8,0,0,0.0008656744326359541,1,0,-1,0.5466770508826583592938733126,188.50218300711583,185.971726083379,0,0,
214,12:40:00,20230104,533620653,188.8,188.8,0,0,0.0008616480399260194,0,0,0,0.5441343669250645994832041344,188.56174640569265,186.11313977921003,0,0,
215,12:50:00,20230104,533620653,188.8,188.8,0,0,0.0008576589286300656,0,0,0,0.5416152263374485596707818930,188.6093971245541,186.24748279024953,0,0,
216,13:00:00,20230104,533620653,188.8,187.65,-1.1500000000000057,-0.006091101694915284,0.0008817761764009653,0,2,2,0.5391193036354326676907322069,188.4175176996433,186.31760865073704,0,0,
217,13:10:00,20230104,533620653,187.65,188.05,0.4000000000000057,0.0021316280309086368,0.0008875094417886151,2,3,1,0.5389398572884811416921508665,188.34401415971462,186.4042282182002,0,0,
218,13:20:00,20230104,533620653,188.05,188.05,0,0,0.0008834568872599,3,0,-3,0.5410451547437848807711821411,188.28521132777172,186.48651680729017,0,0,
219,13:30:00,20230104,533620653,188.05,186.75,-1.3000000000000114,-0.006913055038553636,0.0009108641515839624,0,1,1,0.5385858585858585858585858586,187.97816906221738,186.49969096692567,0,0,
220,13:40:00,20230104,533620653,186.75,186.8,0.05000000000001137,0.0002677376171352684,0.0009079540767674525,1,1,0,0.5361488185017596782302664656,187.74253524977388,186.51470641857938,0,0,
221,13:50:00,20230104,533620653,186.8,186.8,0,0,0.0009038641935387703,1,0,-1,0.5382382382382382382382382383,187.55402819981913,186.5289710976504,0,0,
222,14:00:00,20230104,533620653,186.8,186.8,0,0,0.0008998109908771615,0,0,0,0.5358246138515196811160936722,187.4032225598553,186.5425225427679,0,0,
223,14:10:00,20230104,533620653,186.8,186.8,0,0,0.0008957939775250313,0,0,0,0.5334325396825396825396825397,187.28257804788421,186.5553964156295,0,0,
224,14:20:00,20230104,533620653,186.8,186.8,0,0,0.0008918126709582533,0,0,0,0.5310617283950617283950617284,187.18606243830737,186.56762659484804,0,0,
225,14:30:00,20230104,533620653,186.8,186.8,0,0,0.0008878665971929513,0,0,0,0.5287118977384464110127826942,187.1088499506459,186.57924526510564,0,0,
226,14:40:00,20230104,533620653,186.8,186.8,0,0,0.0008839552905973876,0,0,0,0.5263827704356338717572197748,187.04707996051673,186.59028300185037,0,0,
227,14:50:00,20230104,533620653,186.8,186.8,0,0,0.0008800782937088026,0,0,0,0.5240740740740740740740740740,186.9976639684134,186.60076885175786,0,0,
228,15:00:00,20230104,533620653,186.8,186.8,0,0,0.0008762351570550523,0,0,0,0.5217855409995147986414361959,186.95813117473074,186.61073040916997,0,0,
229,15:10:00,20230104,533620653,186.8,186.8,0,0,0.0008724254389808999,0,0,0,0.5195169082125603864734299516,186.9265049397846,186.62019388871147,0,0,
230,15:20:00,20230104,533620653,186.8,186.8,0,0,0.0008686487054788181,0,0,0,0.5172679172679172679172679172,186.90120395182765,186.6291841942759,0,0,
231,15:30:00,20230104,533620653,186.8,186.8,0,0,0.000864904530024168,0,0,0,0.5150383141762452107279693486,186.88096316146215,186.6377249845621,0,0,
232,15:40:00,20230104,533620653,186.8,186.8,0,0,0.0008611924934146222,0,0,0,0.5128278493085360038149737720,186.86477052916973,186.64583873533402,0,0,
233,15:50:00,20230104,533620653,186.8,186.8,0,0,0.000857512183613705,0,0,0,0.5106362773029439696106362772,186.85181642333578,186.65354679856733,0,0,
234,09:30:00,20230105,533620653,186.8,182.3,-4.5,-0.024089935760171304,0.0009563735605352267,0,0,0,0.5084633569739952718676122930,185.94145313866863,186.435869458639,-1,0,
235,09:40:00,20230105,533620653,182.3,182.1,-0.20000000000001705,-0.0010970927043336097,0.0009569698280936944,0,4,4,0.5063088512241054613935969867,185.1731625109349,186.21907598570704,0,0,
236,09:50:00,20230105,533620653,182.1,182.1,0,0,0.0009529319807177717,4,0,-4,0.5083919362400375058602906703,184.55853000874794,186.01312218642167,0,0,
237,10:00:00,20230105,533620653,182.1,181.9,-0.19999999999998863,-0.0010982976386600144,0.0009535427607931593,0,1,1,0.5062558356676003734827264238,184.02682400699834,185.80746607710057,0,0,
238,10:10:00,20230105,533620653,181.9,182,0.09999999999999432,0.0005497526113248725,0.0009518532622598192,1,7,6,0.5292422129242212924221292421,183.62145920559868,185.61709277324553,0,1,
239,10:20:00,20230105,533620653,182,181.7,-0.30000000000001137,-0.0016483516483517108,0.0009547553388685354,7,1,-6,0.5306084656084656084656084655,183.23716736447895,185.42123813458326,0,0,
240,10:30:00,20230105,533620653,181.7,181.5,-0.19999999999998863,-0.0011007154650522215,0.0009553609825456461,1,1,0,0.5284067707304221827043403806,182.88973389158315,185.2251762278541,0,0,
241,10:40:00,20230105,533620653,181.5,181.9,0.4000000000000057,0.0022038567493113262,0.0009605200559620333,1,4,3,0.5386199658926931654204381476,182.6917871132665,185.05891741646138,0,1,
242,10:50:00,20230105,533620653,181.9,181.6,-0.30000000000001137,-0.001649257833974774,0.0009633543678057071,4,1,-3,0.5394898425762623293487491017,182.47342969061322,184.88597154563834,0,0,
243,11:00:00,20230105,533620653,181.6,181.6,0,0,0.0009594061941671591,1,0,-1,0.5413771792870153525891230808,182.29874375249057,184.72167296835644,0,0,
244,11:10:00,20230105,533620653,181.6,181.6,0,0,0.0009554902505174973,0,0,0,0.5391674765144152899254940070,182.15899500199245,184.56558931993862,0,0,
245,11:20:00,20230105,533620653,181.6,181.6,0,0,0.0009516061438080766,0,0,0,0.5369757388050070976900245192,182.04719600159396,184.4173098539417,0,0,
246,11:30:00,20230105,533620653,181.6,181.6,0,0,0.0009477534873554123,0,0,0,0.5348017479596426964848017479,181.95775680127517,184.27644436124464,0,0,
247,11:40:00,20230105,533620653,181.6,181.6,0,0,0.0009439319007128502,0,0,0,0.5326452892985151049667178699,181.88620544102014,184.14262214318242,0,0,
248,11:50:00,20230105,533620653,181.6,181.6,0,0,0.0009401410095453287,0,0,0,0.5305061515904889398865302479,181.82896435281612,184.01549103602332,0,0,
249,12:00:00,20230105,533620653,181.6,181.6,0,0,0.0009363804455071475,0,0,0,0.5283841269841269841269841269,181.7831714822529,183.89471648422216,0,0,
250,12:10:00,20230105,533620653,181.6,181.75,0.15000000000000568,0.0008259911894273441,0.0009359406476741602,0,1,1,0.5262790109403655220388288117,181.7765371858023,183.78748066001106,0,0,
251,12:20:00,20230105,533620653,181.75,182.4,0.6500000000000057,0.0035763411279230023,0.0009464184273576873,1,5,4,0.5400636180398085159989921894,181.90122974864187,183.7181066270105,0,1,
252,12:30:00,20230105,533620653,182.4,182.4,0,0,0.0009426776430598308,5,0,-5,0.5418815484032875337223163309,182.00098379891352,183.65220129566,0,0,
253,12:40:00,20230105,533620653,182.4,182.15,-0.25,-0.0013706140350877192,0.0009443624320048225,0,2,2,0.5397481564804399450068741406,182.03078703913081,183.577091230877,0,0,
254,12:50:00,20230105,533620653,182.15,182.15,0,0,0.000940659049918529,2,0,-2,0.5415530656707127295362589479,182.05462963130466,183.50573666933312,0,0,
255,13:00:00,20230105,533620653,182.15,182.3,0.15000000000000568,0.000823497117760119,0.0009402013861210352,0,1,1,0.5394376240079365079365079364,182.10370370504373,183.44544983586647,0,0,
256,13:10:00,20230105,533620653,182.3,182.3,0,0,0.0009365430149688133,1,0,-1,0.5412296955098511518744981779,182.14296296403498,183.38817734407314,0,0,
257,13:20:00,20230105,533620653,182.3,182.15,-0.15000000000000568,-0.0008228195282501682,0.0009361022262606015,0,7,7,0.5391319059923711086501784175,182.14437037122798,183.32626847686947,0,0,
258,13:30:00,20230105,533620653,182.15,182.45,0.29999999999998295,0.001646994235520082,0.0009388469830531091,7,2,-5,0.5398081755224612367469510325,182.2054962969824,183.282455053026,0,0,
259,13:40:00,20230105,533620653,182.45,182.45,0,0,0.0009352360331182895,2,0,-2,0.5415781440781440781440781439,182.25439703758593,183.2408323003747,0,0,
260,13:50:00,20230105,533620653,182.45,182.45,0,0,0.0009316527532979129,0,0,0,0.5395031320318676640515720974,182.29351763006872,183.20129068535599,0,0,
261,14:00:00,20230105,533620653,182.45,182.45,0,0,0.0009280968267586079,0,0,0,0.5374439597722040470132073184,182.32481410405495,183.16372615108818,0,0,
262,14:10:00,20230105,533620653,182.45,182.3,-0.14999999999997726,-0.0008221430528910785,0.000927693960698275,0,3,3,0.5354004466171766551994688875,182.31985128324396,183.12053984353378,0,0,
263,14:20:00,20230105,533620653,182.3,182.1,-0.20000000000001705,-0.0010970927043336097,0.0009283356226059846,3,2,-1,0.5346350408850408850408850407,182.2758810265952,183.06951285135708,0,0,
264,14:30:00,20230105,533620653,182.1,182.1,0,0,0.0009248324693131319,2,3,1,0.5345043426175501647199760405,182.24070482127615,183.0210372087892,0,0,
265,14:40:00,20230105,533620653,182.1,182.1,0,0,0.0009213556555187216,3,0,-3,0.5362543262919202768826828975,182.21256385702094,182.97498534834975,0,0,
266,14:50:00,20230105,533620653,182.1,181.6,-0.5,-0.0027457440966501922,0.0009281885710285772,0,81,81,0.5342458831222876166696391413,182.09005108561675,182.90623608093227,0,0,
267,15:00:00,20230105,533620653,181.6,181.6,0,0,0.0009247251808381721,81,0,-81,0.5359837716180999763089315326,181.9920408684934,182.84092427688566,0,0,
268,15:10:00,20230105,533620653,181.6,181.6,0,0,0.0009212875407607067,0,0,0,0.5339912668908951436832477723,181.91363269479473,182.7788780630414,0,0,
269,15:20:00,20230105,533620653,181.6,181.6,0,0,0.0009178753646838152,0,0,0,0.5320135214579659024103468546,181.8509061558358,182.71993415988933,0,0,
270,15:30:00,20230105,533620653,181.6,181.6,0,0,0.0009144883707181923,0,0,0,0.5300503719322907514789433607,181.80072492466863,182.66393745189487,0,0,
271,15:40:00,20230105,533620653,181.6,181.6,0,0,0.0009111262811199637,0,0,0,0.5281016573295985060690943042,181.7605799397349,182.61074057930014,0,0,
272,15:50:00,20230105,533620653,181.6,181.6,0,0,0.0009077888222147624,0,0,0,0.5261672190243618815047386474,181.72846395178792,182.56020355033516,0,0,
273,09:30:00,20230106,533620653,181.6,184.25,2.6500000000000057,0.014592511013215891,0.0009577330637877593,0,2,2,0.5242469007067547213532614991,182.23277116143032,182.6446933728184,0,0,
274,09:40:00,20230106,533620653,184.25,184.45,0.19999999999998863,0.0010854816824965462,0.0009581976042194276,2,4,2,0.5259769119769119769119769118,182.67621692914423,182.73495870417747,0,1,
275,09:50:00,20230106,533620653,184.45,185,0.5500000000000114,0.002981837896448964,0.0009655296342637375,4,5,1,0.5249769956291695422130204737,183.1409735433154,182.8482107689686,1,0,
276,10:00:00,20230106,533620653,185,185,0,0,0.0009620439677140489,5,0,-5,0.5266918801214830095696521687,183.51277883465232,182.9558002305202,0,0,
277,10:10:00,20230106,533620653,185,184.85,-0.15000000000000568,-0.0008108108108108416,0.0009614999635525265,0,3,3,0.5247973050131323512618476645,183.78022306772186,183.0505102189942,0,0,
278,10:20:00,20230106,533620653,184.85,184.85,0,0,0.0009580537271240228,3,0,-3,0.5265005404790351026910166693,183.9941784541775,183.14048470804448,0,0,
279,10:30:00,20230106,533620653,184.85,184.85,0,0,0.0009546321066700085,0,0,0,0.5246201814058956916099773241,184.165342763342,183.22596047264227,0,0,
280,10:40:00,20230106,533620653,184.85,185.25,0.4000000000000057,0.0021639166892074963,0.0009589356105224551,0,1,1,0.5227532056713551375473083657,184.3822742106736,183.32716244901013,0,0,
281,10:50:00,20230106,533620653,185.25,185.25,0,0,0.0009555351296340776,1,0,-1,0.5244455701902510413148711020,184.5558193685389,183.42330432655962,0,0,
282,11:00:00,20230106,533620653,185.25,185.25,0,0,0.0009521586804127558,0,0,0,0.5225924056312748892254192607,184.69465549483112,183.51463911023163,0,0,
283,11:10:00,20230106,533620653,185.25,185.25,0,0,0.0009488060090028517,0,0,0,0.5207522915269394142633579253,184.8057243958649,183.60140715472002,0,0,
284,11:20:00,20230106,533620653,185.25,185.7,0.44999999999998863,0.0024291497975707887,0.000954000197734669,0,1,1,0.5189250905040378724589250905,184.9845795166919,183.706336796984,0,0,
285,11:30:00,20230106,533620653,185.7,185.4,-0.29999999999998295,-0.0016155088852987773,0.0009563131651737043,1,2,1,0.5206071706071706071706071706,185.0676636133535,183.7910199571348,0,1,
286,11:40:00,20230106,533620653,185.4,185.4,0,0,0.00095298106355289,2,0,-2,0.5222775288977379569714064488,185.1341308906828,183.87146895927808,0,0,
287,11:50:00,20230106,533620653,185.4,185.4,0,0,0.0009496721015266647,0,0,0,0.5204640652557319223985890653,185.18730471254622,183.9478955113142,0,0,
288,12:00:00,20230106,533620653,185.4,185.4,0,0,0.0009463860388916243,0,0,0,0.5186631515351238534629538090,185.22984377003695,184.0205007357485,0,0,
289,12:10:00,20230106,533620653,185.4,185.4,0,0,0.0009431226387575152,0,0,0,0.5168746579091406677613574166,185.26387501602954,184.08947569896108,0,0,
290,12:20:00,20230106,533620653,185.4,185.45,0.04999999999998295,0.0002696871628909544,0.0009408084275002418,0,13,13,0.5150984563355697376315933018,185.30110001282364,184.15750191401304,0,0,
291,12:30:00,20230106,533620653,185.45,185.45,0,0,0.0009375864808307204,13,0,-13,0.5167590780604479234616220919,185.3308800102589,184.2221268183124,0,0,
292,12:40:00,20230106,533620653,185.45,186.05,0.6000000000000227,0.003235373416015221,0.0009454287570600191,0,2,2,0.5149953952001733571699442008,185.47470400820714,184.3135204773968,0,0,
293,12:50:00,20230106,533620653,186.05,186.3,0.25,0.001343724805159903,0.0009467835055229438,2,2,0,0.5132437101824856926897743226,185.6397632065657,184.41284445352696,0,0,
294,13:00:00,20230106,533620653,186.3,186.35,0.04999999999998295,0.0002683843263552493,0.000944483847288477,2,1,-1,0.5131988162496637072908259351,185.78181056525256,184.5097022308506,0,0,
295,13:10:00,20230106,533620653,186.35,186.35,0,0,0.0009412930234800699,1,0,-1,0.5148434148434148434148434150,185.89544845220206,184.60171711930806,0,0,
296,13:20:00,20230106,533620653,186.35,186.35,0,0,0.0009381236867006757,0,0,0,0.5131099353321575543797766022,185.98635876176166,184.68913126334266,0,0,
297,13:30:00,20230106,533620653,186.35,186.35,0,0,0.0009349756206379218,0,0,0,0.5113880899115798444657505062,186.05908700940932,184.77217470017553,0,0,
298,13:40:00,20230106,533620653,186.35,186.5,0.15000000000000568,0.0008049369466058797,0.0009345407086846374,0,1,1,0.5096777618516748951531560229,186.14726960752745,184.85856596516675,0,0,
299,13:50:00,20230106,533620653,186.5,186.85,0.3499999999999943,0.0018766756032171277,0.0009376811583330791,1,2,1,0.5113121693121693121693121695,186.28781568602196,184.9581376669084,0,1,
300,14:00:00,20230106,533620653,186.85,187.05,0.20000000000001705,0.0010703773080011616,0.0009381220093286541,2,2,0,0.5096134577862152612983177769,186.44025254881757,185.06273078356298,0,0,
301,14:10:00,20230106,533620653,187.05,187.05,0,0,0.0009350156450593539,2,4,2,0.5112372542836118995059392412,186.56220203905406,185.16209424438483,0,1,
302,14:20:00,20230106,533620653,187.05,186.95,-0.10000000000002274,-0.0005346164127239922,0.000933694195447686,4,5,1,0.5103750851275603750851275605,186.63976163124323,185.25148953216558,0,0,
303,14:30:00,20230106,533620653,186.95,187.25,0.30000000000001137,0.001604707140946838,0.0009359014748736701,5,6,1,0.5093541144527986633249791146,186.76180930499459,185.3514150555573,0,0,
304,14:40:00,20230106,533620653,187.25,187.25,0,0,0.0009328329454478547,6,5,-1,0.5082305490502211813687223525,186.8594474439957,185.44634430277947,0,0,
305,14:50:00,20230106,533620653,187.25,187,-0.25,-0.0013351134846461949,0.0009341475877328166,5,28,23,0.5216023446415603278348376389,186.88755795519657,185.5240270876405,0,1,
306,15:00:00,20230106,533620653,187,187,0,0,0.0009311047617141429,28,0,-28,0.5231606431932164831187632492,186.91004636415727,185.59782573325847,0,0,
307,15:10:00,20230106,533620653,187,187,0,0,0.0009280816943059801,0,0,0,0.5214620696763553906411049270,186.92803709132582,185.66793444659555,0,0,
308,15:20:00,20230106,533620653,187,187,0,0,0.0009250781936771582,0,0,0,0.5197744901628396774027841991,186.94242967306067,185.73453772426578,0,0,
309,15:30:00,20230106,533620653,187,187,0,0,0.0009220940704717479,0,0,0,0.5180977982590885816692268307,186.95394373844854,185.79781083805247,0,0,
310,15:40:00,20230106,533620653,187,187,0,0,0.0009191291377692665,0,0,0,0.5164318889399275251365283521,186.96315499075885,185.85792029614984,0,0,
311,15:50:00,20230106,533620653,187,187,0,0,0.000916183211045647,0,0,0,0.5147766585266585266585266587,186.9705239926071,185.91502428134234,0,0,
312,09:30:00,20230109,533620653,187,188.4,1.4000000000000057,0.007486631016042811,0.0009371750570680022,0,1,1,0.5131320046655509914295856790,187.25641919408568,186.03927306727522,0,0,
313,09:40:00,20230109,533620653,188.4,188.3,-0.09999999999999432,-0.0005307855626326662,0.0009358808230092909,1,1,0,0.5114978263067435041957334953,187.46513535526853,186.15230941391144,0,0,
314,09:50:00,20230109,533620653,188.3,188.3,0,0,0.0009329097727775154,1,0,-1,0.5130486268581506676744771985,187.6321082842148,186.25969394321586,0,0,
315,10:00:00,20230109,533620653,188.3,187.8,-0.5,-0.002655337227827934,0.0009383604925719787,0,3,3,0.5114250552541691782198111314,187.66568662737185,186.33670924605508,0,0,
316,10:10:00,20230109,533620653,187.8,188.45,0.6499999999999773,0.0034611288604897614,0.0009463187524076815,3,10,7,0.5171723999799709578889389617,187.82254930189748,186.44237378375232,0,1,
317,10:20:00,20230109,533620653,188.45,188.75,0.30000000000001137,0.0015919342000531248,0.0009483489896644282,10,7,-3,0.5164894679045622441848856945,188.00803944151798,186.5577550945647,0,0,
318,10:30:00,20230109,533620653,188.75,188.75,0,0,0.0009453761088190852,7,0,-7,0.5180051749017266258645568992,188.1564315532144,186.66736733983646,0,0,
319,10:40:00,20230109,533620653,188.75,188.75,0,0,0.0009424218084790255,0,0,0,0.5163864087301587301587301589,188.2751452425715,186.77149897284463,0,0,
320,10:50:00,20230109,533620653,188.75,188.9,0.15000000000000568,0.000794701986754997,0.0009419616221185145,0,2,2,0.5147777283291301982890767939,188.4001161940572,186.8779240242024,0,0,
321,11:00:00,20230109,533620653,188.9,188.85,-0.05000000000001137,-0.00026469031233462874,0.0009398582950694963,2,1,-1,0.5147318347628906635117815244,188.49009295524576,186.97652782299227,0,0,
322,11:10:00,20230109,533620653,188.85,188.85,0,0,0.0009369485170661852,1,0,-1,0.5162342129834389896309400955,188.56207436419658,187.07020143184266,0,0,
323,11:20:00,20230109,533620653,188.85,188.85,0,0,0.000934056700655487,0,0,0,0.5146408975112678816382520088,188.61965949135725,187.15919136025053,0,0,
324,11:30:00,20230109,533620653,188.85,188.85,0,0,0.0009311826800380855,0,0,0,0.5130573870573870573870573872,188.66572759308582,187.243731792238,0,0,
325,11:40:00,20230109,533620653,188.85,188.85,0,0,0.0009283262914490117,0,0,0,0.5114835913915668516895510762,188.70258207446864,187.3240452026261,0,0,
326,11:50:00,20230109,533620653,188.85,188.85,0,0,0.0009254873731265376,0,0,0,0.5099194213873112955681763023,188.7320656595749,187.4003429424948,0,0,
327,12:00:00,20230109,533620653,188.85,188.85,0,0,0.0009226657652816396,0,0,0,0.5083647890050329074719318624,188.75565252765995,187.47282579537006,0,0,
328,12:10:00,20230109,533620653,188.85,188.85,0,0,0.0009198613100680176,0,0,0,0.5068196072755343272060597291,188.77452202212794,187.54168450560155,0,0,
329,12:20:00,20230109,533620653,188.85,188.85,0,0,0.00091707385155266,0,0,0,0.5052837902837902837902837905,188.78961761770233,187.60710028032148,0,0,
330,12:30:00,20230109,533620653,188.85,188.85,0,0,0.000914303235686942,0,0,0,0.5037572531530235457727904860,188.80169409416186,187.6692452663054,0,0,
331,12:40:00,20230109,533620653,188.85,188.85,0,0,0.0009115493102782463,0,0,0,0.5022399120290686555746796713,188.8113552753295,187.72828300299014,0,0,
332,12:50:00,20230109,533620653,188.85,188.85,0,0,0.0009088119249620955,0,0,0,0.5007316840650173983507316843,188.81908422026362,187.78436885284063,0,0,
333,13:00:00,20230109,533620653,188.85,188.85,0,0,0.0009060909311747838,0,0,0,0.4992324874061401007508791942,188.8252673762109,187.8376504101986,0,0,
334,13:10:00,20230109,533620653,188.85,188.85,0,0,0.0009033861821265009,0,0,0,0.4977422411750769959725183608,188.83021390096872,187.88826788968865,0,0,
335,13:20:00,20230109,533620653,188.85,188.85,0,0,0.000900697532774934,0,0,0,0.4962608654572940287226001514,188.83417112077495,187.9363544952042,0,0,
336,13:30:00,20230109,533620653,188.85,188.85,0,0,0.0008980248397993407,0,0,0,0.4947882812867976072723847207,188.83733689661995,187.98203677044398,0,0,
337,13:40:00,20230109,533620653,188.85,188.85,0,0,0.0008953679615750824,0,0,0,0.4933244106321029397952474878,188.83986951729594,188.02543493192178,0,0,
338,13:50:00,20230109,533620653,188.85,187.4,-1.4499999999999886,-0.007678051363515958,0.0009153758772150259,0,1,1,0.4918691763824507187339045749,188.55189561383673,187.9941631853257,0,0,
339,14:00:00,20230109,533620653,187.4,187.15,-0.25,-0.0013340448239060833,0.0009166072564699996,1,1,0,0.4904225023342670401493930909,188.2715164910694,187.9519550260594,0,0,
340,14:10:00,20230109,533620653,187.15,187.45,0.29999999999998295,0.0016029922522040232,0.000918620115695026,1,1,0,0.4889843131778615649583391522,188.1072131928555,187.92685727475643,0,0,
341,14:20:00,20230109,533620653,187.45,187.3,-0.14999999999997726,-0.0008002133902372754,0.0009182738971995355,1,1,0,0.4875545344843590457625545348,187.94577055428442,187.8955144110186,0,0,
342,14:30:00,20230109,533620653,187.3,187.3,0,0,0.0009155967138257759,1,0,-1,0.4890485445879031884862788656,187.81661644342753,187.86573869046768,-1,0,
343,14:40:00,20230109,533620653,187.3,187.3,0,0,0.0009129350954716312,0,0,0,0.4876268918420081210778885201,187.71329315474205,187.8374517559443,0,0,
344,14:50:00,20230109,533620653,187.3,186.7,-0.6000000000000227,-0.0032034169781101052,0.0009195741733923224,0,3,3,0.4862134805613066482631700027,187.51063452379364,187.78057916814709,0,0,
345,15:00:00,20230109,533620653,186.7,186.7,0,0,0.0009169164445674891,3,0,-3,0.4876984126984126984126984131,187.3485076190349,187.72655020973974,0,0,
346,15:10:00,20230109,533620653,186.7,186.7,0,0,0.0009142740340644127,0,0,0,0.4862929417684460912126618182,187.21880609522793,187.67522269925277,0,0,
347,15:20:00,20230109,533620653,186.7,186.7,0,0,0.0009116468098285955,0,0,0,0.4848955482576172231344645141,187.11504487618234,187.62646156429014,0,0,
348,15:30:00,20230109,533620653,186.7,186.7,0,0,0.0009090346413190579,0,0,0,0.4835061627325237640423886845,187.03203590094589,187.58013848607564,0,0,
349,15:40:00,20230109,533620653,186.7,186.7,0,0,0.0009064373994867177,0,0,0,0.4821247165532879818594104311,186.9656287207567,187.53613156177187,0,0,
350,15:50:00,20230109,533620653,186.7,186.7,0,0,0.0009038549567531374,0,0,0,0.4807511418622529733640844755,186.91250297660537,187.49432498368327,0,0,
351,09:30:00,20230110,533620653,186.7,186.75,0.05000000000001137,0.0002678093197643887,0.000902048008920783,0,0,0,0.4793853715728715728715728719,186.8800023812843,187.45710873449912,0,0,
352,09:40:00,20230110,533620653,186.75,186.75,0,0,0.0008994926321249734,0,0,0,0.4780273393587841179909168581,186.85400190502745,187.42175329777416,0,0,
353,09:50:00,20230110,533620653,186.75,186.75,0,0,0.0008969516924862023,0,0,0,0.4766769796430813379965922342,186.83320152402194,187.38816563288546,0,0,
354,10:00:00,20230110,533620653,186.75,185.65,-1.0999999999999943,-0.005890227576974535,0.0009110172583580004,0,1,1,0.4753342275877487145092778899,186.59656121921756,187.3012573512412,0,0,
355,10:10:00,20230110,533620653,185.65,185.65,0,0,0.0009084582211154218,1,0,-1,0.4768080078473336900303192441,186.40724897537405,187.21869448367912,0,0,
356,10:20:00,20230110,533620653,185.65,185.65,0,0,0.0009059135202159388,0,0,0,0.4754724111866969009826152686,186.25579918029922,187.14025975949517,0,0,
357,10:30:00,20230110,533620653,185.65,185.65,0,0,0.0009033830355225982,0,0,0,0.4741442759599184180189766785,186.13463934423936,187.0657467715204,0,0,
358,10:40:00,20230110,533620653,185.65,185.65,0,0,0.00090086664823702,0,0,0,0.4728235398151832692222664371,186.0377114753915,186.99495943294437,0,0,
359,10:50:00,20230110,533620653,185.65,185.65,0,0,0.0008983642408808061,0,0,0,0.4715101410934744268077601414,185.9601691803132,186.92771146129715,0,0,
360,11:00:00,20230110,533620653,185.65,185.65,0,0,0.0008958756972772581,0,0,0,0.4702040188189772677307303349,185.89813534425053,186.8638258882323,0,0,
361,11:10:00,20230110,533620653,185.65,185.65,0,0,0.0008934009025333983,0,0,0,0.4689051126896430763834078754,185.84850827540043,186.8031345938207,0,0,
362,11:20:00,20230110,533620653,185.65,185.65,0,0,0.000890939743022287,0,0,0,0.4676133630679085224539769997,185.80880662032035,186.74547786412964,0,0,
363,11:30:00,20230110,533620653,185.65,185.65,0,0,0.0008884921063656324,0,0,0,0.4663287109715681144252572827,185.7770452962563,186.69070397092315,0,0,
364,11:40:00,20230110,533620653,185.65,185.65,0,0,0.0008860578814166855,0,0,0,0.4650510980647966949336812354,185.75163623700502,186.638668772377,0,0,
365,11:50:00,20230110,533620653,185.65,185.65,0,0,0.0008836369582434159,0,0,0,0.4637804666493191083355017785,185.731308989604,186.58923533375815,0,0,
366,12:00:00,20230110,533620653,185.65,185.65,0,0,0.0008812292281119625,0,0,0,0.4625167596557242333809091306,185.7150471916832,186.54227356707025,0,0,
367,12:10:00,20230110,533620653,185.65,185.65,0,0,0.0008788345834703538,0,0,0,0.4612599206349206349206349210,185.70203775334656,186.49765988871675,0,0,
368,12:20:00,20230110,533620653,185.65,185.65,0,0,0.0008764529179324938,0,0,0,0.4600098937497311481051318453,185.69163020267723,186.45527689428093,0,0,
369,12:30:00,20230110,533620653,185.65,185.65,0,0,0.0008740841262624059,0,0,0,0.4587666237666237666237666241,185.68330416214178,186.41501304956688,0,0,
370,12:40:00,20230110,533620653,185.65,185.65,0,0,0.0008717281043587337,0,0,0,0.4575300560475762632096863906,185.67664332971341,186.37676239708853,0,0,
371,12:50:00,20230110,533620653,185.65,186.3,0.6500000000000057,0.003501211957985487,0.0008787966093416013,0,1,1,0.4563001365420720259429936852,185.8013146637707,186.3729242772341,0,0,
372,13:00:00,20230110,533620653,186.3,186.3,0,0,0.0008764405862602565,1,0,-1,0.4577577769266777309672752035,185.9010517310166,186.36927806337238,0,0,
373,13:10:00,20230110,533620653,186.3,186.3,0,0,0.0008740971622328227,0,0,0,0.4565338256514727102962397083,185.9808413848133,186.36581416020377,0,0,
374,13:20:00,20230110,533620653,186.3,186.3,0,0,0.0008717662364668685,0,0,0,0.4553164021164021164021164024,186.04467310785066,186.36252345219359,0,0,
375,13:30:00,20230110,533620653,186.3,186.3,0,0,0.0008694477092422225,0,0,0,0.4541054542384329618372171566,186.09573848628054,186.3593972795839,0,0,
376,13:40:00,20230110,533620653,186.3,186.7,0.39999999999997726,0.0021470746108426045,0.0008728366400156983,0,1,1,0.4529009304871373836891078273,186.21659078902442,186.37642741560472,0,0,
377,13:50:00,20230110,533620653,186.7,186.7,0,0,0.0008705275483754452,1,0,-1,0.4543482825228856974888720923,186.31327263121955,186.3926060448245,0,0,
378,14:00:00,20230110,533620653,186.7,186.45,-0.25,-0.0013390465988216392,0.0008717637463977306,0,2,2,0.4531494743895799304770281026,186.34061810497562,186.39547574258327,0,0,
379,14:10:00,20230110,533620653,186.45,186.45,0,0,0.0008694696312756314,2,0,-2,0.4545885547201336675020885550,186.3624944839805,186.3982019554541,0,0,
380,14:20:00,20230110,533620653,186.45,186.85,0.4000000000000057,0.0021453472780906717,0.0008728183915034924,0,1,1,0.4533954089072199308419780864,186.4599955871844,186.4207918576814,1,0,
381,14:30:00,20230110,533620653,186.85,186.85,0,0,0.0008705335266042686,1,0,-1,0.4548263109781434388764231699,186.53799646974753,186.44225226479733,0,0,
382,14:40:00,20230110,533620653,186.85,186.85,0,0,0.0008682605931144402,0,0,0,0.4536387749181482862945003940,186.60039717579804,186.46263965155745,0,0,
383,14:50:00,20230110,533620653,186.85,187.5,0.6500000000000057,0.0034787262510035093,0.000875058680765193,0,5,5,0.4524574239417989417989417992,186.78031774063842,186.51450766897958,0,0,
384,15:00:00,20230110,533620653,187.5,187.5,0,0,0.0008727858010748938,5,0,-5,0.4538796124510410224695938984,186.92425419251074,186.5637822855306,0,0,
385,15:10:00,20230110,533620653,187.5,187.5,0,0,0.0008705246979633008,0,0,0,0.4527037585327740768155275930,187.03940335400858,186.61059317125407,0,0,
386,15:20:00,20230110,533620653,187.5,187.5,0,0,0.0008682752801391062,0,0,0,0.4515339813789426192526967723,187.13152268320687,186.65506351269136,0,0,
387,15:30:00,20230110,533620653,187.5,187.5,0,0,0.0008660374572521497,0,0,0,0.4503702340042546228113238425,187.2052181465655,186.6973103370568,0,0,
388,15:40:00,20230110,533620653,187.5,187.5,0,0,0.0008638111398813216,0,0,0,0.4492124699065573101562818789,187.2641745172524,186.73744482020396,0,0,
389,15:50:00,20230110,533620653,187.5,187.5,0,0,0.0008615962395226516,0,0,0,0.4480606430606430606430606433,187.31133961380192,186.77557257919375,0,0,
