N-term, time, date, conId, Previous Price, Current Price, Difference in Price ($), Difference in Price (%), cumulativeAggregatedAvg, Previous Volume, Current Volume, Difference in Volume, cumulativeAggregatedAvgVolume, SMA 5, SMA20, Crossing SMA Condition, Volume Condition, Order
0,09:30:00,20221227,551601510,330.3,330.3,0,0,0,0,0,0,0,,,0,0,
1,09:40:00,20221227,551601510,330.3,330.6,0.30000000000001137,0.0009082652134423595,0.00045413260672117975,0,21,21,0,,,0,0,
2,09:50:00,20221227,551601510,330.6,330,-0.6000000000000227,-0.0018148820326679453,0.0009077157487034349,21,71,50,0.7936507936507936507936507937,,,0,1,
3,10:00:00,20221227,551601510,330,330,0,0,0.0006807868115275761,71,0,-71,0.8452380952380952380952380953,,,0,0,
4,10:10:00,20221227,551601510,330,329.7,-0.30000000000001137,-0.0009090909090909436,0.0007264476310402496,0,8,8,0.6761904761904761904761904762,221.891616,,0,0,
5,10:20:00,20221227,551601510,329.7,329.4,-0.30000000000001137,-0.0009099181073703712,0.0007570260437619366,8,38,30,1.1884920634920634920634920635,243.39329279999998,,0,1,
6,10:30:00,20221227,551601510,329.4,329.9,0.5,0.0015179113539769279,0.0008657239452212211,38,48,10,1.0563014679556032939491586108,260.69463423999997,,0,0,
7,10:40:00,20221227,551601510,329.9,329.8,-0.0999999999999659,-0.0003031221582296632,0.0007953987218472763,48,183,135,1.2758262844611528822055137844,274.51570739199997,,0,1,
8,10:50:00,20221227,551601510,329.8,329.5,-0.30000000000001137,-0.0009096422073984577,0.0008080924424640742,183,10,-173,1.2391072741051170731930007167,285.5125659136,,0,0,
9,11:00:00,20221227,551601510,329.5,329.5,0,0,0.0007272831982176668,10,0,-10,1.2151965466946053658737006450,294.31005273088,,0,0,
10,11:10:00,20221227,551601510,329.5,329.5,0,0,0.0006611665438342425,0,0,0,1.1047241333587321507942733136,301.348042184704,,0,0,
11,11:20:00,20221227,551601510,329.5,330,0.5,0.0015174506828528073,0.0007325235554191229,0,20,20,1.0126637889121711382280838708,307.0784337477632,,0,0,
12,11:30:00,20221227,551601510,330,330,0,0,0.0006761755896176519,20,0,-20,1.0116896513035425891336158807,311.66274699821054,,0,0,
13,11:40:00,20221227,551601510,330,330,0,0,0.0006278773332163911,0,0,0,0.9394261047818609756240718892,315.3301975985684,,0,0,
14,11:50:00,20221227,551601510,330,330,0,0,0.0005860188443352984,0,0,0,0.8767976977964035772491337633,318.26415807885473,,0,0,
15,12:00:00,20221227,551601510,330,330,0,0,0.0005493926665643422,0,0,0,0.8219978416841283536710629031,320.6113264630838,,0,0,
16,12:10:00,20221227,551601510,330,330,0,0,0.0005170754508840868,0,0,0,0.7736450274674149211021768500,322.48906117046704,,0,0,
17,12:20:00,20221227,551601510,330,330,0,0,0.0004883490369460819,0,0,0,0.7306647481636696477076114694,323.9912489363736,,0,0,
18,12:30:00,20221227,551601510,330,330,0,0,0.0004626464560541829,0,0,0,0.6922087087866344030914213921,325.1929991490989,,0,0,
19,12:40:00,20221227,551601510,330,330,0,0,0.00043951413325147377,0,0,0,0.6575982733473026829368503225,326.15439931927915,211.64272774862297,0,0,
20,12:50:00,20221227,551601510,330,328.6,-1.3999999999999773,-0.0042424242424241735,0.0006206050908311261,0,18,18,0.6262840698545739837493812595,326.6435194554233,217.49059136119183,0,0,
21,13:00:00,20221227,551601510,328.6,328.6,0,0,0.0005923957685206204,18,0,-18,0.6432711575884569844880457477,327.0348155643386,223.04606179313225,0,0,
22,13:10:00,20221227,551601510,328.6,328.6,0,0,0.0005666394307588543,0,0,0,0.6153028463889588547276959326,327.3478524514709,228.32375870347565,0,0,
23,13:20:00,20221227,551601510,328.6,329.2,0.5999999999999659,0.0018259281801581433,0.000619109795317158,0,5,5,0.5896652277894189024473752687,327.7182819611767,233.36757076830187,0,0,
24,13:30:00,20221227,551601510,329.2,329.2,0,0,0.0005943454035044717,5,0,-5,0.6060786186778421463494802580,328.01462556894137,238.1591922298868,0,0,
25,13:40:00,20221227,551601510,329.2,329.7,0.5,0.0015188335358444715,0.0006299026393637025,0,2,2,0.5827679025748482176437310173,328.3517004551531,242.73623261839248,0,0,
26,13:50:00,20221227,551601510,329.7,329.7,0,0,0.0006065729119798616,2,1,-1,0.5797024247017056910643335722,328.6213603641225,247.08442098747287,0,0,
27,14:00:00,20221227,551601510,329.7,330.2,0.5,0.0015165301789505613,0.0006390713858002438,1,72,71,3.0947130523909304878120359446,328.937088291298,251.2401999380992,0,1,
28,14:10:00,20221227,551601510,330.2,330.2,0,0,0.0006170344414623043,72,2,-70,3.0215237134195957200330768507,329.1896706330384,255.18818994119425,0,0,
29,14:20:00,20221227,551601510,330.2,330.2,0,0,0.0005964666267468942,2,0,-2,2.9541395896389425293653076223,329.3917365064307,258.9387804441345,0,0,
30,14:30:00,20221227,551601510,330.2,330.2,0,0,0.0005772257678195751,0,0,0,2.8588447641667185768051364087,329.5533892051445,262.5018414219278,0,0,
31,14:40:00,20221227,551601510,330.2,330.2,0,0,0.0005591874625752133,0,0,0,2.7695058652865086212799758959,329.68271136411556,265.8867493508314,0,0,
32,14:50:00,20221227,551601510,330.2,330.3,0.10000000000002274,0.0003028467595397418,0.0005514195624832293,0,156,156,2.6855814451263113903320978384,329.8061690912925,269.10741188328984,0,0,
33,15:00:00,20221227,551601510,330.3,330.3,0,0,0.000535201340057252,156,0,-156,2.6360055202696551729693890784,329.90493527303397,272.16704128912534,0,0,
34,15:10:00,20221227,551601510,330.3,330.3,0,0,0.0005199098731984734,0,0,0,2.5606910768333793108845493904,329.9839482184272,275.07368922466907,0,0,
35,15:20:00,20221227,551601510,330.3,330.3,0,0,0.0005054679322762936,0,0,0,2.4895607691435632189155341296,330.0471585747418,277.8350047634356,0,0,
36,15:30:00,20221227,551601510,330.3,330.3,0,0,0.0004918066368093668,0,0,0,2.4222753429504939427286278018,330.09772685979345,280.45825452526384,0,0,
37,15:40:00,20221227,551601510,330.3,330.3,0,0,0.00047886435689333077,0,0,0,2.3585312549781125231831375965,330.13818148783474,282.9503417990006,0,0,
38,15:50:00,20221227,551601510,330.3,330.3,0,0,0.0004665857836396556,0,0,0,2.2980560945940583559220315043,330.1705451902678,285.31782470905057,0,0,
39,09:30:00,20221228,551601510,330.3,329.6,-0.6999999999999886,-0.0021192854980320577,0.0005079032764994657,0,2,2,2.2406046922292068970239807167,330.05643615221425,287.5319334735981,0,0,
40,09:40:00,20221228,551601510,329.6,329,-0.6000000000000227,-0.001820388349514632,0.000539915107548616,2,6,4,2.2347362851016652653892494797,329.8451489217714,289.6053367999182,0,0,
41,09:50:00,20221228,551601510,329,329.8,0.8000000000000114,0.0024316109422492745,0.0005849554845652983,6,5,-1,2.1854965322817843463720451270,329.8361191374171,291.61506995992227,0,0,
42,10:00:00,20221228,551601510,329.8,329.7,-0.10000000000002274,-0.00030321406913287667,0.0005784033586250095,5,20,15,2.2044384733915102918052533799,329.8088953099337,293.51931646192617,0,0,
43,10:10:00,20221228,551601510,329.7,329.7,0,0,0.0005652578277471683,20,0,-20,2.1770648717235214215369521667,329.7871162479469,295.3283506388299,0,0,
44,10:20:00,20221228,551601510,329.7,329.4,-0.30000000000001137,-0.0009099181073703712,0.0005729169450721284,0,109,109,2.1286856523518876121694643408,329.7096929983575,297.03193310688835,0,0,
45,10:30:00,20221228,551601510,329.4,328.7,-0.6999999999999886,-0.0021250758955676644,0.0006066595309524662,109,24,-85,2.0993624102086176182072641786,329.507754398686,298.61533645154395,0,0,
46,10:40:00,20221228,551601510,328.7,328.3,-0.39999999999997726,-0.001216915120170299,0.000619643692425186,24,481,457,2.4598369688566612149829961464,329.2662035189488,300.0995696289668,0,1,
47,10:50:00,20221228,551601510,328.3,329,0.6999999999999886,0.0021321961620468736,0.0006511552022089712,481,216,-265,2.4200681893166380841614948840,329.2129628151591,301.5445911475184,0,0,
48,11:00:00,20221228,551601510,329,328.3,-0.6999999999999886,-0.0021276595744680504,0.0006812879444999728,216,23,-193,2.3889141144023907460871484276,329.0303702521272,302.8823615901425,0,0,
49,11:10:00,20221228,551601510,328.3,327.3,-1,-0.003045994517209869,0.0007285820759541708,23,2,-21,2.3593967016795603224697532851,328.68429620170184,304.1032435106354,0,0,
50,11:20:00,20221228,551601510,327.3,327.3,0,0,0.0007142961528962458,2,0,-2,2.3327418643917258063428953775,328.40743696136144,305.26308133510366,0,0,
51,11:30:00,20221228,551601510,327.3,327.1,-0.19999999999998863,-0.000611060189428624,0.0007123108459064838,0,4,4,2.2878814439226541562209166202,328.14594956908917,306.3549272683485,0,0,
52,11:40:00,20221228,551601510,327.1,327.2,0.0999999999999659,0.00030571690614480555,0.0007046392621373955,4,5,1,2.2494308506410946438393898915,327.95675965527136,307.3971809049311,0,0,
53,11:50:00,20221228,551601510,327.2,327.7,0.5,0.001528117359413203,0.0007198888565313919,5,7,2,2.2151821311847780763608826713,327.90540772421707,308.41232185968454,0,0,
54,12:00:00,20221228,551601510,327.7,327.8,0.10000000000002274,0.00030515715593537607,0.000712348280156919,7,1,-6,2.1904905080203795139335419474,327.88432617937366,309.3817057667003,0,0,
55,12:10:00,20221228,551601510,327.8,328.3,0.5,0.0015253203172666259,0.0007268656379624494,1,6,5,2.2406603203771584511847286983,327.96746094349896,310.3276204783653,0,1,
56,12:20:00,20221228,551601510,328.3,328.3,0,0,0.0007141136092262661,6,0,-6,2.2188943498442258467779790720,328.03396875479916,311.22623945444707,0,0,
57,12:30:00,20221228,551601510,328.3,328.3,0,0,0.0007018013056189166,0,0,0,2.1806375507089805735576690880,328.0871750038393,312.0799274817247,0,0,
58,12:40:00,20221228,551601510,328.3,328.3,0,0,0.0006899063682355451,0,0,0,2.1436775922223876824804204594,328.12974000307145,312.8909311076385,0,0,
59,12:50:00,20221228,551601510,328.3,328.3,0,0,0.0006784079287649528,0,0,0,2.1079496323520145544390801184,328.16379200245717,313.6613845522566,0,0,
60,13:00:00,20221228,551601510,328.3,328.3,0,0,0.0006672864873097896,0,0,0,2.0733930810019815289564722476,328.1910336019657,314.3933153246438,0,0,
61,13:10:00,20221228,551601510,328.3,328.3,0,0,0.0006565238020305995,0,0,0,2.0399512571148527946184646307,328.2128268815726,315.08864955841165,0,0,
62,13:20:00,20221228,551601510,328.3,328.3,0,0,0.000646102789299955,0,0,0,2.0075710784304900518467429699,328.2302615052581,315.74921708049106,0,0,
63,13:30:00,20221228,551601510,328.3,328.3,0,0,0.0006360074332171432,0,0,0,1.9762027803300136447866376110,328.2442092042065,316.3767562264665,0,0,
64,13:40:00,20221228,551601510,328.3,327.1,-1.1999999999999886,-0.0036551934206518082,0.0006824564484084457,0,2,2,1.9457996606326288194822278016,328.0153673633652,316.9129184151432,0,0,
65,13:50:00,20221228,551601510,327.1,327.1,0,0,0.0006721161991901359,2,0,-2,1.9314693627442556555506788955,327.8322938906922,317.4222724943861,0,0,
66,14:00:00,20221228,551601510,327.1,327.1,0,0,0.0006620846141275966,0,0,0,1.9026414618077742278558926433,327.6858351125538,317.9061588696668,0,0,
67,14:10:00,20221228,551601510,327.1,327.1,0,0,0.0006523480756845437,0,0,0,1.8746614403106010774462471633,327.56866809004305,318.3658509261835,0,0,
68,14:20:00,20221228,551601510,327.1,327.1,0,0,0.0006428937557470865,0,0,0,1.8474924339292880183528232914,327.4749344720345,318.8025583798743,0,0,
69,14:30:00,20221228,551601510,327.1,327.1,0,0,0.0006337095592364139,0,0,0,1.8210996848731553323763543872,327.3999475776276,319.2174304608806,0,0,
70,14:40:00,20221228,551601510,327.1,327.1,0,0,0.0006247840724866052,0,0,0,1.7954503935369137079766874240,327.3399580621021,319.6115589378366,0,0,
71,14:50:00,20221228,551601510,327.1,325.2,-1.900000000000034,-0.00580862121675339,0.0006967818106014218,0,731,731,1.7705135825155676842547889876,326.9119664496817,319.89098099094474,0,0,
72,15:00:00,20221228,551601510,325.2,324.6,-0.5999999999999659,-0.001845018450184397,0.0007125110796368049,731,3,-728,1.7599023832048302823622744972,326.4495731597454,320.1264319413975,0,0,
73,15:10:00,20221228,551601510,324.6,324.6,0,0,0.0007028825515336049,3,0,-3,1.7496334320804406839519734905,326.0796585277963,320.3501103443277,0,0,
74,15:20:00,20221228,551601510,324.6,324.6,0,0,0.0006935107841798234,0,0,0,1.7263049863193681414992805106,325.78372682223704,320.56260482711133,0,0,
75,15:30:00,20221228,551601510,324.6,324.6,0,0,0.0006843856422827205,0,0,0,1.7035904470256922449006057670,325.5469814577896,320.7644745857558,0,0,
76,15:40:00,20221228,551601510,324.6,324.6,0,0,0.0006754975170582696,0,0,0,1.6814658957656183196421563415,325.35758516623173,320.95625085646805,0,0,
77,15:50:00,20221228,551601510,324.6,324.6,0,0,0.0006668372924805995,0,0,0,1.6599086406917001360570004910,325.2060681329854,321.13843831364466,0,0,
78,09:30:00,20221229,551601510,324.6,330.8,6.199999999999989,0.019100431300061577,0.0009001739254879536,0,4,4,1.6388971389107925393980511177,326.3248545063883,321.62151639796247,0,0,
79,09:40:00,20221229,551601510,330.8,331,0.19999999999998863,0.0006045949214026258,0.000896479187936887,4,5,1,1.6215359246744076326555754787,327.25988360511064,322.0904405780644,0,0,
80,09:50:00,20221229,551601510,331,331.7,0.6999999999999886,0.0021148036253776092,0.0009115202303744268,5,107,102,1.8533688144932421063264942999,328.14790688408857,322.57091854916115,0,1,
81,10:00:00,20221229,551601510,331.7,330.5,-1.1999999999999886,-0.0036177268616219135,0.0009445227502676888,107,32,-75,1.8393147384559983286450565417,328.6183255072708,322.9673726217031,0,0,
82,10:10:00,20221229,551601510,330.5,330.5,0,0,0.000933142958095789,32,0,-32,1.8292025126914682282999353785,328.9946604058166,323.3440039906179,0,0,
83,10:20:00,20221229,551601510,330.5,330.2,-0.30000000000001137,-0.0009077155824508664,0.0009328402512428733,0,362,362,1.8074262923022840827249361478,329.2357283246532,323.686803791087,0,0,
84,10:30:00,20221229,551601510,330.2,330.4,0.19999999999998863,0.0006056935190793115,0.0009289914661585961,362,83,-279,1.7952297268874830805167324791,329.4685826597226,324.02246360153265,0,0,
85,10:40:00,20221229,551601510,330.4,331.2,0.8000000000000114,0.002421307506053303,0.0009463439782503951,83,5,-78,1.7852823932741934901997124741,329.8148661277781,324.381340421456,0,0,
86,10:50:00,20221229,551601510,331.2,331.7,0.5,0.0015096618357487923,0.0009528188961526755,5,45,40,1.8567159289836855190479916411,330.19189290222243,324.74727340038316,0,1,
87,11:00:00,20221229,551601510,331.7,332.3,0.6000000000000227,0.0018088634308110424,0.0009625466749556115,45,219,174,1.8795562782755375775436584028,330.613514321778,325.12490973036404,0,1,
88,11:10:00,20221229,551601510,332.3,332.6,0.30000000000001137,0.0009027986758953096,0.0009618753491234732,219,208,-11,1.8590020314466246059423007921,331.0108114574224,325.49866424384584,0,0,
89,11:20:00,20221229,551601510,332.6,332.7,0.0999999999999659,0.0003006614552013406,0.000954528528079894,208,265,57,1.8413913251143116829702923218,331.3486491659379,325.8587310316535,0,0,
90,11:30:00,20221229,551601510,332.7,332.6,-0.0999999999999659,-0.00030057108506151455,0.0009473421825522195,265,2,-263,1.8320623306645794583803222838,331.59891933275037,326.19579448007084,0,0,
91,11:40:00,20221229,551601510,332.6,332.4,-0.20000000000004547,-0.000601322910403023,0.0009435811035071196,2,8,6,1.8447573053312688120935796503,331.7591354662003,326.5060047560673,0,1,
92,11:50:00,20221229,551601510,332.4,332,-0.39999999999997726,-0.0012033694344162976,0.0009463745264201215,8,4,-4,1.8302975493599648463721433100,331.8073083729603,326.7807045182639,0,0,
93,12:00:00,20221229,551601510,332,332.2,0.19999999999998863,0.0006024096385541827,0.0009427153254853775,4,3,-1,1.8134858733029439437511630620,331.8858466983682,327.0516692923507,0,0,
94,12:10:00,20221229,551601510,332.2,332.2,0,0,0.0009327920062697419,3,1,-2,1.8014140921804568145186946789,331.94867735869457,327.3090858277332,0,0,
95,12:20:00,20221229,551601510,332.2,332.2,0,0,0.0009230754228710987,1,0,-1,1.7930660287202437227007916093,331.99894188695566,327.5536315363466,0,0,
96,12:30:00,20221229,551601510,332.2,331.8,-0.39999999999997726,-0.001204093919325639,0.0009259725207726918,0,2,2,1.7745808119293133750440824175,331.95915350956454,327.7659499595292,0,0,
97,12:40:00,20221229,551601510,331.8,332.1,0.30000000000001137,0.0009041591320072675,0.0009257499351730447,2,8,6,1.7870850893586060957068979030,331.98732280765165,327.9826524615528,0,1,
98,12:50:00,20221229,551601510,332.1,331.8,-0.30000000000001137,-0.0009033423667570351,0.0009255235960981355,8,8,0,1.7690337248196302765583433787,331.9498582461213,328.1735198384751,0,0,
99,13:00:00,20221229,551601510,331.8,331.4,-0.4000000000000341,-0.0012055455093430804,0.000928323815230585,8,14,6,1.7588433875714339737927599449,331.83988659689703,328.33484384655134,0,0,
100,13:10:00,20221229,551601510,331.4,331,-0.39999999999997726,-0.0012070006035002333,0.0009310829913520666,14,2,-12,1.7499156595473886586349815579,331.6719092775176,328.4681016542238,0,0,
101,13:20:00,20221229,551601510,331,331,0,0,0.0009219547267309679,2,0,-2,1.7425635452381005345307170328,331.5375274220141,328.5946965715126,0,0,
102,13:30:00,20221229,551601510,331,331,0,0,0.0009130037099665897,0,0,0,1.7256454525658859662343023043,331.43002193761123,328.71496174293696,0,0,
103,13:40:00,20221229,551601510,331,331.2,0.19999999999998863,0.0006042296072507209,0.0009100347282097063,0,2,2,1.7090527078296755242512801668,331.38401755008897,328.8392136557901,0,0,
104,13:50:00,20221229,551601510,331.2,330.8,-0.39999999999997726,-0.0012077294685989652,0.0009128699162134135,2,20,18,1.7784903010884405192584108319,331.26721404007117,328.9372529730006,0,1,
105,14:00:00,20221229,551601510,330.8,331.7,0.8999999999999773,0.002720677146311902,0.0009299247014030219,20,7,-13,1.7678441661725118351144635599,331.35377123205694,329.07539032435056,0,0,
106,14:10:00,20221229,551601510,331.7,331.2,-0.5,-0.0015073861923424782,0.000935321537766942,7,6,-1,1.7526573715620878259745420046,331.32301698564555,329.18162080813306,0,0,
107,14:20:00,20221229,551601510,331.2,331.2,0,0,0.0009266611531579889,6,0,-6,1.7456883218254018275858888379,331.29841358851644,329.2825397677264,0,0,
108,14:30:00,20221229,551601510,331.2,331.2,0,0,0.0009181596746886496,0,0,0,1.7296728326343430952227155458,331.27873087081315,329.37841277934007,0,0,
109,14:40:00,20221229,551601510,331.2,331.4,0.19999999999998863,0.0006038647342994826,0.0009153024479578389,0,1,1,1.7139485341558490670843272227,331.30298469665047,329.47949214037305,0,0,
110,14:50:00,20221229,551601510,331.4,332.3,0.9000000000000341,0.002715751357875782,0.0009315227084075501,1,289,288,4.2931021509652558322457296802,331.50238775732043,329.6205175333544,0,1,
111,15:00:00,20221229,551601510,332.3,332.4,0.0999999999999659,0.00030093289196498913,0.0009258924421893129,289,6,-283,4.2635140849238272937039904353,331.6819102058563,329.7594916566867,0,0,
112,15:10:00,20221229,551601510,332.4,332.4,0,0,0.0009176987037628589,6,0,-6,4.2346334293050323619013002545,331.825528164685,329.89151707385236,0,0,
113,15:20:00,20221229,551601510,332.4,332.4,0,0,0.0009096487151333601,0,0,0,4.1974875220304268148670783224,331.940422531748,330.01694122015977,0,0,
114,15:30:00,20221229,551601510,332.4,332.4,0,0,0.0009017387263061135,0,0,0,4.1609876305345100599551906848,332.0323380253984,330.13609415915175,0,0,
115,15:40:00,20221229,551601510,332.4,332.4,0,0,0.000893965116596578,0,0,0,4.1251170475126608353004045582,332.10587042031875,330.24928945119416,0,0,
116,15:50:00,20221229,551601510,332.4,332.4,0,0,0.0008863243891042995,0,0,0,4.0898596368501594606397173398,332.164696336255,330.35682497863445,0,0,
117,09:30:00,20221230,551601510,332.4,329.5,-2.8999999999999773,-0.008724428399518584,0.0009527489993620477,0,55,55,4.0551998094192259058885332945,331.63175706900404,330.3139837297027,0,0,
118,09:40:00,20221230,551601510,329.5,329.6,0.10000000000002274,0.00030349013657063047,0.0009472930425318677,55,5,-50,4.0287619195005005545021514257,331.22540565520325,330.27828454321764,0,0,
119,09:50:00,20221230,551601510,329.6,329.4,-0.20000000000004547,-0.0006067961165049923,0.0009444555681483104,5,306,301,4.4968555701713297165479668305,330.8603245241626,330.2343703160568,0,1,
120,10:00:00,20221230,551601510,329.4,329.6,0.20000000000004547,0.0006071645415909092,0.0009416680390032079,306,26,-280,4.4672537281016374221261098152,330.6082596193301,330.202651800254,0,0,
121,10:10:00,20221230,551601510,329.6,329.4,-0.20000000000004547,-0.0006067961165049923,0.000938923187179452,26,22,-4,4.4318979283126580485525666704,330.3666076954641,330.16251921024127,0,0,
122,10:20:00,20221230,551601510,329.4,329.2,-0.19999999999998863,-0.0006071645415907367,0.0009362259624185681,22,26,4,4.3973444344387192174113410729,330.13328615637124,330.1143932497292,0,0,
123,10:30:00,20221230,551601510,329.2,329.6,0.4000000000000341,0.0012150668286756807,0.0009384746790819319,26,42,16,4.3668447584786054768242769079,330.026628925097,330.08867358724274,-1,0,
124,10:40:00,20221230,551601510,329.6,329.3,-0.30000000000001137,-0.000910194174757316,0.0009382484350473349,42,5,-37,4.3389576194583956806287303117,329.8813031400776,330.0492399078806,0,0,
125,10:50:00,20221230,551601510,329.3,329.2,-0.10000000000002274,-0.0003036744609779008,0.0009332121336658314,5,9,4,4.3108706542245988895126292775,329.7450425120621,330.00677791248654,0,0,
126,11:00:00,20221230,551601510,329.2,329,-0.19999999999998863,-0.000607533414337754,0.0009306477343010434,9,3,-6,4.2821761346375285570492752412,329.5960340096497,329.9564390168622,0,0,
127,11:10:00,20221230,551601510,329,328.5,-0.5,-0.001519756838905775,0.0009352501491807679,3,5,2,4.2539299669190061985306611117,329.37682720771977,329.8836170660191,0,0,
128,11:20:00,20221230,551601510,328.5,328.5,0,0,0.0009280001480243278,5,0,-5,4.2287057036095565380769350566,329.2014617661758,329.81443621271814,0,0,
129,11:30:00,20221230,551601510,328.5,329.2,0.6999999999999886,0.0021308980213089455,0.0009372532085880557,0,8,8,4.1961771981971753339378817100,329.20116941294066,329.7837144020822,0,0,
130,11:40:00,20221230,551601510,329.2,329.2,0,0,0.0009300986039423453,8,0,-8,4.1717788989742961329154551321,329.2009355303526,329.75452868197806,0,0,
131,11:50:00,20221230,551601510,329.2,329.2,0,0,0.0009230524023973275,0,0,0,4.1401745133760060106963986538,329.2007484242821,329.7268022478791,0,0,
132,12:00:00,20221230,551601510,329.2,329.2,0,0,0.00091611215877028,0,0,0,4.1090453816964871685107114459,329.2005987394257,329.7004621354851,0,0,
133,12:10:00,20221230,551601510,329.2,329.2,0,0,0.0009092755008690092,0,2,2,4.0783808639226327866561538978,329.20047899154054,329.67543902871085,0,0,
134,12:20:00,20221230,551601510,329.2,327.8,-1.3999999999999773,-0.004252733900364451,0.0009340418593837903,2,75,73,4.3185410056713540252735157208,328.92038319323245,329.5816670772753,0,1,
135,12:30:00,20221230,551601510,327.8,328.6,0.8000000000000114,0.002440512507626636,0.0009451188494443995,75,142,67,4.2933556551394568143033673209,328.856306554586,329.53258372341156,0,0,
136,12:40:00,20221230,551601510,328.6,328.2,-0.4000000000000341,-0.001217285453438935,0.0009471054669918049,142,5,-137,4.2690595462143101674630733886,328.7250452436688,329.46595453724103,0,0,
137,12:50:00,20221230,551601510,328.2,327.8,-0.39999999999997726,-0.0012187690432662317,0.0009490740436314747,5,3,-2,4.2410228828359456010321815525,328.540036194935,329.382656810379,0,0,
138,13:00:00,20221230,551601510,327.8,327,-0.8000000000000114,-0.002440512507626636,0.0009598038167537421,3,10,7,4.2272984975877253688904632200,328.23202895594795,329.26352396986005,0,0,
139,13:10:00,20221230,551601510,327,326.7,-0.30000000000001137,-0.0009174311926605852,0.0009595011551530767,10,1,-9,4.2035320797478130448269599113,327.92562316475835,329.13534777136704,0,0,
140,13:20:00,20221230,551601510,326.7,326.5,-0.19999999999998863,-0.0006121824303642137,0.0009570379017857797,1,2,1,4.1808119940758427395444992027,327.6404985318067,329.0035803827987,0,0,
141,13:30:00,20221230,551601510,326.5,326.3,-0.19999999999998863,-0.0006125574272587707,0.0009546119829510825,2,6,4,4.1654541631316466639139041379,327.3723988254454,328.8684013636588,0,0,
142,13:40:00,20221230,551601510,326.3,326.3,0,0,0.0009479363746786973,6,19,13,4.1514766281913321184786087710,327.1579190603563,328.73998129547584,0,0,
143,13:50:00,20221230,551601510,326.3,325.8,-0.5,-0.0015323322096230463,0.000951994679088033,19,3,-16,4.1284948826008221366616886078,326.88633524828504,328.5929822307021,0,0,
144,14:00:00,20221230,551601510,325.8,326.1,0.30000000000001137,0.0009208103130755413,0.0009517796144948435,3,6,3,4.1069190558242647426157459277,326.72906819862806,328.46833311916697,0,0,
145,14:10:00,20221230,551601510,326.1,327.5,1.3999999999999773,0.004293161606868988,0.0009746657925248034,6,12,6,4.0856387883186190936937202707,326.8832545589024,328.4199164632086,0,0,
146,14:20:00,20221230,551601510,327.5,327.3,-0.19999999999998863,-0.0006106870229007287,0.000972189746472939,12,8,-4,4.0601129008697395987252822643,326.96660364712193,328.3639206400482,0,0,
147,14:30:00,20221230,551601510,327.3,328,0.6999999999999886,0.002138710663000271,0.000980071644557583,8,6,-2,4.0343688947827818987338952220,327.1732829176975,328.34572460804577,0,0,
148,14:40:00,20221230,551601510,328,328.9,0.8999999999999773,0.002743902439024321,0.0009919094351244738,6,10,4,4.0117668664061636756998869767,327.51862633415806,328.3734383776435,0,0,
149,14:50:00,20221230,551601510,328.9,329.6,0.7000000000000455,0.0021283064761327014,0.000999485415397862,10,1410,1400,4.9183550872967892511952210635,327.93490106732645,328.4347664587613,0,1,
150,15:00:00,20221230,551601510,329.6,329.6,0,0,0.000992866306686618,1410,0,-1410,4.8924057158577376667502195995,328.2679208538612,328.4930281358233,0,0,
151,15:10:00,20221230,551601510,329.6,329.6,0,0,0.0009863342915110481,0,0,0,4.8602188361481472873637049969,328.53433668308895,328.54837672903216,0,0,
152,15:20:00,20221230,551601510,329.6,329.6,0,0,0.0009798876621547668,0,0,0,4.8284526999641724684920467943,328.7474693464712,328.6009578925806,1,0,
153,15:30:00,20221230,551601510,329.6,329.6,0,0,0.000973524755257658,0,0,0,4.7970991110033661537615789580,328.917975477177,328.6509099979516,0,0,
154,15:40:00,20221230,551601510,329.6,329.6,0,0,0.000967243950385028,0,0,0,4.7661500844807637914792461905,329.0543803817416,328.69836449805405,0,0,
155,15:50:00,20221230,551601510,329.6,329.6,0,0,0.0009610436686517906,0,0,0,4.7355978403494768440979689713,329.1635043053933,328.74344627315133,0,0,
156,09:30:00,20230103,551601510,329.6,328.7,-0.9000000000000341,-0.002730582524271948,0.0009723146167767597,0,194,194,4.7054347967803718960463895511,329.07080344431466,328.74127395949375,0,0,
157,09:40:00,20230103,551601510,328.7,329.6,0.9000000000000341,0.002738059020383432,0.0009834902142679411,194,19,-175,4.6813628161404334858991561056,329.1766427554517,328.7842102615191,0,0,
158,09:50:00,20230103,551601510,329.6,330.4,0.7999999999999545,0.0024271844660192794,0.0009925700523292704,19,39,20,4.6585406071014833911516936872,329.42131420436135,328.8649997484431,0,0,
159,10:00:00,20230103,551601510,330.4,330.2,-0.19999999999998863,-0.0006053268765132829,0.0009901497824804204,39,29,-10,4.6310272924096632225210981658,329.5770513634891,328.9317497610209,0,0,
160,10:10:00,20230103,551601510,330.2,328.7,-1.5,-0.004542701393095094,0.0010122153204345488,29,10,-19,4.6063325416108026028052892459,329.40164109079126,328.9201622729699,0,0,
161,10:20:00,20230103,551601510,328.7,327.7,-1,-0.0030422878004259203,0.0010247466320394338,10,19,9,4.5834539456749334509361207938,329.06131287263304,328.8591541593214,0,0,
162,10:30:00,20230103,551601510,327.7,327.9,0.19999999999998863,0.0006103143118705787,0.0010222041024678457,19,25,6,4.5572719550492234943433580250,328.82905029810644,328.81119645135533,0,0,
163,10:40:00,20230103,551601510,327.9,328,0.10000000000002274,0.0003049710277524329,0.0010178307300610443,25,15,-10,4.5319227358111184730363863297,328.6632402384852,328.77063662878754,-1,0,
164,10:50:00,20230103,551601510,328,328.4,0.39999999999997726,0.0012195121951218818,0.001019053041970504,15,62,47,4.5234464364021621994624284328,328.61059219078817,328.7521047973482,0,0,
165,11:00:00,20230103,551601510,328.4,328.2,-0.19999999999998863,-0.0006090133982947279,0.0010165829236351077,62,23,-39,4.4999861100266342110863430691,328.52847375263053,328.7244995574808,0,0,
166,11:10:00,20230103,551601510,328.2,328.2,0,0,0.001010495600739089,23,11,-12,4.4761642718254853990959796506,328.4627790021044,328.6982745796068,0,0,
167,11:20:00,20230103,551601510,328.2,328.1,-0.0999999999999659,-0.00030469226081647136,0.0010062943903824068,11,26,15,4.4576373199910263409844776072,328.3902232016835,328.6683608506264,0,0,
168,11:30:00,20230103,551601510,328.1,328.4,0.2999999999999545,0.0009143553794573439,0.0010057503725662822,26,24,-2,4.4317159339373698355530719591,328.39217856134684,328.6549428080951,0,0,
169,11:40:00,20230103,551601510,328.4,326.3,-2.099999999999966,-0.006394640682094902,0.0010374497273282152,24,20,-4,4.4066274088357774639713872221,327.97374284907744,328.53719566769036,0,0,
170,11:50:00,20230103,551601510,326.3,326.8,0.5,0.0015323322096230463,0.0010403437769322785,20,22,2,4.3814424532285506951762329109,327.738994279262,328.4503358843058,0,0,
171,12:00:00,20230103,551601510,326.8,326.8,0,0,0.0010342952666012768,22,17,-5,4.3572903036590400938829250029,327.5511954234096,328.36781909009045,0,0,
172,12:10:00,20230103,551601510,326.8,327.1,0.30000000000001137,0.0009179926560587863,0.0010336229971761757,17,36,19,4.3385640421281989916741491698,327.46095633872767,328.30442813558597,0,0,
173,12:20:00,20230103,551601510,327.1,328.5,1.3999999999999773,0.004280036686028668,0.0010522805471121096,36,55,19,4.3166629716434264559621010584,327.66876507098215,328.31420672880665,0,0,
174,12:30:00,20230103,551601510,328.5,328,-0.5,-0.0015220700152207,0.0010549650583584443,55,12,-43,4.2964638585587107723176422991,327.73501205678576,328.2984963923663,0,0,
175,12:40:00,20230103,551601510,328,327.9,-0.10000000000002274,-0.00030487804878055714,0.001050703200349479,12,31,19,4.2810483442108393095961405436,327.7680096454286,328.278571572748,0,0,
176,12:50:00,20230103,551601510,327.9,328.5,0.6000000000000227,0.0018298261665142506,0.0010551050250170767,31,43,12,4.2590486178265608298080085303,327.91440771634285,328.2896429941106,0,0,
177,13:00:00,20230103,551601510,328.5,328.4,-0.10000000000002274,-0.00030441400304420923,0.0010508876597250943,43,37,-6,4.2359052822416977365650317382,328.0115261730743,328.2951608444051,0,0,
178,13:10:00,20230103,551601510,328.4,327.8,-0.5999999999999659,-0.0018270401948841837,0.0010552237074075474,37,16,-21,4.2154117754558087412075040054,327.96922093845944,328.27040280218483,0,0,
179,13:20:00,20230103,551601510,327.8,327.4,-0.4000000000000341,-0.0012202562538134048,0.0010561405548875798,16,25,9,4.1951178211477209148674623165,327.8553767507675,328.2268826620756,0,0,
180,13:30:00,20230103,551601510,327.4,326.7,-0.6999999999999886,-0.002138057422113588,0.0010621179961429722,25,19,-6,4.1732663414728716280449901490,327.62430140061406,328.15053852897177,0,0,
181,13:40:00,20230103,551601510,326.7,328.6,1.900000000000034,0.0058157330884604655,0.001088236760386475,19,55,36,4.1607469486192034496375711748,327.8194411204912,328.17301160252316,0,0,
182,13:50:00,20230103,551601510,328.6,328.5,-0.10000000000002274,-0.00030432136335977703,0.00108395306969234,55,72,17,4.1396996478567537536882352171,327.95555289639293,328.189361022397,0,0,
183,14:00:00,20230103,551601510,328.5,328.9,0.39999999999997726,0.0012176560121764908,0.0010846797161188843,72,17,-55,4.1213528502536675315969344218,328.14444231711434,328.22489297127714,0,0,
184,14:10:00,20230103,551601510,328.9,329.9,1,0.003040437823046519,0.0010952513815617364,17,19,2,4.0997111973270181363545980513,328.4955538536915,328.3086483227133,1,0,
185,14:20:00,20230103,551601510,329.9,329.8,-0.0999999999999659,-0.0003031221582296632,0.0010909926222965102,19,21,2,4.0782356702332961939123973261,328.7564430829532,328.3832159065776,0,0,
186,14:30:00,20230103,551601510,329.8,330.2,0.39999999999997726,0.0012128562765311621,0.0010916442995918827,21,9,-12,4.0594826910953030133490766376,329.04515446636253,328.47405511124873,0,0,
187,14:40:00,20230103,551601510,330.2,329.7,-0.5,-0.0015142337976983646,0.0010938921160711724,9,38,29,4.0550291779629993921196784758,329.17612357309,328.5353523556863,0,0,
188,14:50:00,20230103,551601510,329.7,330.1,0.4000000000000341,0.0012132241431605524,0.0010945235024578887,38,329,291,4.0740919586978094760934256518,329.36089885847207,328.613584737902,0,1,
189,15:00:00,20230103,551601510,330.1,330.8,0.6999999999999886,0.0021205695243865148,0.0010999237446785656,329,5,-324,4.0578325401341943854257766830,329.64871908677765,328.7229055010069,0,0,
190,15:10:00,20230103,551601510,330.8,330.8,0,0,0.0010941649816174214,5,0,-5,4.0418229456832300169156940826,329.8789752694221,328.82676022595655,0,0,
191,15:20:00,20230103,551601510,330.8,330.8,0,0,0.0010884662056714974,0,0,0,4.0207717845077965272442581759,330.0631802155376,328.92542221465874,0,0,
192,15:30:00,20230103,551601510,330.8,330.8,0,0,0.0010828264843985881,0,0,0,3.9999387700802949908336661646,330.2105441724301,329.0191511039258,0,0,
193,15:40:00,20230103,551601510,330.8,330.8,0,0,0.0010772449045821006,0,0,0,3.9793205289974068723242142772,330.32843533794403,329.10819354872956,0,0,
194,15:50:00,20230103,551601510,330.8,330.8,0,0,0.0010717205717380898,0,0,0,3.9589137570538304268251157424,330.4227482703552,329.1927838712931,0,0,
195,09:30:00,20230104,551601510,330.8,335.9,5.099999999999966,0.015417170495767732,0.0011449116427790574,0,373,373,3.9387152174770251695453957641,331.51819861628417,329.52814467772845,0,0,
196,09:40:00,20230104,551601510,335.9,336.5,0.6000000000000227,0.0017862459065198654,0.0011481671466559143,373,7,-366,3.9237026186267246784219702171,332.51455889302736,329.876737443842,0,0,
197,09:50:00,20230104,551601510,336.5,336.4,-0.10000000000002274,-0.00029717682020809135,0.0011438692157142586,7,28,21,3.9190374538861856648945865291,333.29164711442183,330.2029005716499,0,0,
198,10:00:00,20230104,551601510,336.4,336.2,-0.19999999999998863,-0.0005945303210463396,0.0011411087187561282,28,30,2,3.8997027358838860958678369916,333.87331769153747,330.5027555430674,0,0,
199,10:10:00,20230104,551601510,336.2,336.2,0,0,0.0011354031751623476,30,20,-10,3.8818708888711333320551644733,334.33865415323,330.78761776591404,0,0,
200,10:20:00,20230104,551601510,336.2,336.8,0.6000000000000227,0.0017846519928614597,0.0011386332687827413,20,477,457,3.9762396904190381413484223615,334.830923322584,331.08823687761833,0,1,
201,10:30:00,20230104,551601510,336.8,337.6,0.8000000000000114,0.0023752969121140478,0.0011447553660269556,477,40,-437,3.9610906947122705842836072270,335.38473865806725,331.4138250337374,0,0,
202,10:40:00,20230104,551601510,337.6,338.3,0.6999999999999886,0.0020734597156397768,0.0011493302643009104,40,8,-32,3.9455188193688603843610278811,335.96779092645374,331.75813378205055,0,0,
203,10:50:00,20230104,551601510,338.3,339.1,0.8000000000000114,0.0023647650014780117,0.0011552882777184452,8,39,31,3.9451731388817581275749444111,336.594232741163,332.125227092948,0,0,
204,11:00:00,20230104,551601510,339.1,339.4,0.2999999999999545,0.0008846947803006621,0.0011539683094383584,39,27,-12,3.9274293299491266620370553764,337.1553861929304,332.48896573830064,0,0,
205,11:10:00,20230104,551601510,339.4,339.1,-0.2999999999999545,-0.0008839127872715219,0.0011526573603016263,27,18,-9,3.9099822620043898012181052694,337.54430895434433,332.8195174513856,0,0,
206,11:20:00,20230104,551601510,339.1,339,-0.10000000000002274,-0.0002948982601003324,0.0011485135965325379,18,19,1,3.8913618431326563024467886041,337.83544716347546,333.1285415788163,0,0,
207,11:30:00,20230104,551601510,339,339.6,0.6000000000000227,0.0017699115044248457,0.0011515010864743278,19,47,28,3.8797383929758950499805717561,338.1883577307804,333.4521144998755,0,0,
208,11:40:00,20230104,551601510,339.6,340,0.39999999999997726,0.001177856301531146,0.0011516271879817767,47,53,6,3.8617858627438002655614445167,338.55068618462434,333.7795087748817,0,0,
209,11:50:00,20230104,551601510,340,339.3,-0.6999999999999886,-0.0020588235294117315,0.0011559471705600147,53,16,-37,3.8467207548619115491126793272,338.7005489476995,334.0555333361376,0,0,
210,12:00:00,20230104,551601510,339.3,339.3,0,0,0.0011504687479507256,16,12,-4,3.8296746849336560441405813209,338.8204391581596,334.3177566693307,0,0,
211,12:10:00,20230104,551601510,339.3,339.9,0.5999999999999659,0.0017683465959327023,0.001153383266101584,12,34,22,3.8202579804449752766367735474,339.03635132652767,334.5968688358642,0,0,
212,12:20:00,20230104,551601510,339.9,339.1,-0.7999999999999545,-0.002353633421594453,0.001159018243357419,34,18,-16,3.8045318314067083394087080544,339.0490810612221,334.822025394071,0,0,
213,12:30:00,20230104,551601510,339.1,339.4,0.2999999999999545,0.0008846947803006621,0.0011577363580160323,18,2,-16,3.7909073316753166597333817966,339.1192648489777,335.0509241243674,0,0,
214,12:40:00,20230104,551601510,339.4,339.1,-0.2999999999999545,-0.0008839127872715219,0.0011564627600125694,2,2,0,3.7732752045512454194555521138,339.11541187918215,335.253377918149,0,0,
215,12:50:00,20230104,551601510,339.1,338.7,-0.4000000000000341,-0.001179593040401162,0.001156569844643998,2,3,1,3.7581211526783229869580727059,339.03232950334575,335.42570902224156,0,0,
216,13:00:00,20230104,551601510,338.7,337.7,-1,-0.002952465308532625,0.0011648458606066184,3,50,47,3.8129992426045365523023519407,338.76586360267663,335.5394235711295,0,1,
217,13:10:00,20230104,551601510,337.7,337.7,0,0,0.0011595025309708083,50,0,-50,3.8000955763540570268330750969,338.5526908821413,335.647452392573,0,0,
218,13:20:00,20230104,551601510,337.7,335.7,-2,-0.005922416345869114,0.0011812509958790197,0,3,3,3.7827435417588330221443395942,337.982152705713,335.65007977294437,0,0,
219,13:30:00,20230104,551601510,335.7,336.7,1,0.002978850163836759,0.0011894219011879185,3,4,1,3.7670644044478080235588350203,337.72572216457047,335.70257578429715,0,0,
220,13:40:00,20230104,551601510,336.7,336.6,-0.0999999999999659,-0.0002970002970001957,0.0011853837943816392,4,7,3,3.7534125293145600234522339569,337.5005777316564,335.74744699508227,0,0,
221,13:50:00,20230104,551601510,336.6,336.8,0.19999999999998863,0.0005941770647652663,0.0011827207010049888,7,1,-6,3.7403662695300028032693731862,337.3604621853251,335.80007464532815,0,0,
222,14:00:00,20230104,551601510,336.8,337.4,0.5999999999999659,0.0017814726840854093,0.0011854056874762015,1,40,39,3.8984812189939938220887930374,337.3683697482601,335.88007091306173,0,1,
223,14:10:00,20230104,551601510,337.4,337.4,0,0,0.0011801136977999684,40,0,-40,3.8855415706949134925258966399,337.37469579860806,335.95606736740865,0,0,
224,14:20:00,20230104,551601510,337.4,337.2,-0.19999999999998863,-0.0005927682276229658,0.0011775032734880706,0,59,59,3.8682724970473805436702259882,337.33975663888646,336.01826399903825,0,0,
225,14:30:00,20230104,551601510,337.2,337.2,0,0,0.0011722930820124598,59,0,-59,3.8555810258215071784327471121,337.31180531110914,336.07735079908633,0,0,
226,14:40:00,20230104,551601510,337.2,335.4,-1.8000000000000114,-0.005338078291814981,0.0011906445587076251,0,4,4,3.8385960873817648560607966843,336.9294442488873,336.043483259132,0,0,
227,14:50:00,20230104,551601510,335.4,336.9,1.5,0.00447227191413238,0.0012050376611436985,4,593,589,4.4675934729634237821307054708,336.92355539910983,336.08630909617546,0,1,
228,15:00:00,20230104,551601510,336.9,336.6,-0.2999999999999545,-0.0008904719501334359,0.0012036640117506407,593,6,-587,4.4524069597895884963526433019,336.85884431928787,336.11199364136667,0,0,
229,15:10:00,20230104,551601510,336.6,336.6,0,0,0.0011984306899604205,6,0,-6,4.4373964947470250681076318093,336.80707545543027,336.13639395929835,0,0,
230,15:20:00,20230104,551601510,336.6,336.6,0,0,0.0011932426783155701,0,0,0,4.4181869861117565613192870829,336.7656603643442,336.15957426133343,0,0,
231,15:30:00,20230104,551601510,336.6,336.6,0,0,0.0011880993909090375,0,0,0,4.3991430766888610588998073972,336.7325282914754,336.1815955482667,0,0,
232,15:40:00,20230104,551601510,336.6,336.6,0,0,0.0011830002518922605,0,0,0,4.3802626342996384792478768933,336.7060226331803,336.2025157708534,0,0,
233,15:50:00,20230104,551601510,336.6,336.6,0,0,0.0011779446952602424,0,0,0,4.3615435632128878874562192997,336.68481810654424,336.2223899823107,0,0,
234,09:30:00,20230105,551601510,336.6,328.4,-8.200000000000045,-0.024361259655377436,0.0012765970993458475,0,0,0,4.3429838033694287900627885793,335.0278544852354,335.83127048319517,-1,0,
235,09:40:00,20230105,551601510,328.4,328.4,0,0,0.0012711877896028566,0,1,1,4.3245813296263379901048954074,333.7022835881883,335.45970695903543,0,0,
236,09:50:00,20230105,551601510,328.4,327.3,-1.099999999999966,-0.00334957369062109,0.0012799573503666467,1,25,24,4.4075999738051298129314570302,332.4218268705507,335.0517216110837,0,1,
237,10:00:00,20230105,551601510,327.3,327.3,0,0,0.0012745793783062826,25,11,-14,4.3914335873605704439695601519,331.39746149644054,334.6641355305295,0,0,
238,10:10:00,20230105,551601510,327.3,328.3,1,0.0030553009471432934,0.0012820300961675253,11,50,39,4.3878939260973653184907982038,330.7779691971524,334.34592875400307,0,0,
239,10:20:00,20230105,551601510,328.3,328,-0.30000000000001137,-0.0009137983551629953,0.0012804957972466732,50,2,-48,4.3736110347386262963304198780,330.22237535772194,334.0286323163029,0,0,
240,10:30:00,20230105,551601510,328,327.5,-0.5,-0.001524390243902439,0.0012815078073987718,2,2,0,4.3554632711090054403290488412,329.67790028617753,333.70220070048777,0,0,
241,10:40:00,20230105,551601510,327.5,327.5,0,0,0.001276212320591339,2,0,-2,4.3415977204019434343772759121,329.24232022894205,333.3920906654634,0,0,
242,10:50:00,20230105,551601510,327.5,327.6,0.10000000000002274,0.00030534351145045113,0.001272216975697755,0,1,1,4.3237310631163387288860114022,328.9138561831536,333.1024861321902,0,0,
243,11:00:00,20230105,551601510,327.6,328.2,0.5999999999999659,0.0018315018315017272,0.001274509126746132,1,4,3,4.3183059358084848816364785686,328.7710849465229,332.8573618255807,0,0,
244,11:10:00,20230105,551601510,328.2,328,-0.19999999999998863,-0.0006093845216331159,0.0012717943324395482,4,5,1,4.3017006054582461678338806969,328.61686795721835,332.6144937343017,0,0,
245,11:20:00,20230105,551601510,328,328,0,0,0.0012666244367792248,5,0,-5,4.2882790582815866305662632957,328.4934943657747,332.38376904758655,0,0,
246,11:30:00,20230105,551601510,328,328,0,0,0.001261496402622224,0,7,7,4.2709176046043332433979788289,328.3947954926198,332.1645805952072,0,0,
247,11:40:00,20230105,551601510,328,328,0,0,0.0012564097235793924,7,0,-7,4.2577284207147996416100837530,328.31583639409587,331.9563515654468,0,0,
248,11:50:00,20230105,551601510,328,328,0,0,0.0012513639013963427,0,0,0,4.2406291097882341812020111275,328.2526691152767,331.7585339871745,0,0,
249,12:00:00,20230105,551601510,328,328,0,0,0.0012463584457907573,0,0,0,4.2236665933490812444772030830,328.2021352922213,331.57060728781573,0,0,
250,12:10:00,20230105,551601510,328,328,0,0,0.001241392874293583,0,0,0,4.2068392364034673749772939074,328.16170823377706,331.39207692342495,0,0,
251,12:20:00,20230105,551601510,328,329,1,0.003048780487804878,0.0012485650473630723,0,3,3,4.1901454299098028219019871855,328.32936658702164,331.27247307725366,0,0,
252,12:30:00,20230105,551601510,329,328.8,-0.19999999999998863,-0.0006079027355622755,0.001246032785261093,3,3,0,4.1735835902658905577837975128,328.4234932696173,331.14884942339097,0,0,
253,12:40:00,20230105,551601510,328.8,328.8,0,0,0.0012411271443742381,3,0,-3,4.1610891666821665792098455541,328.49879461569384,331.0314069522214,0,0,
254,12:50:00,20230105,551601510,328.8,328.9,0.0999999999999659,0.0003041362530412588,0.0012374526702905793,0,3,3,4.1447711699500796514482383166,328.57903569255507,330.92483660461033,0,0,
255,13:00:00,20230105,551601510,328.9,328.9,0,0,0.0012326188707972568,3,0,-3,4.1324869075674621528097686357,328.6432285540441,330.8235947743798,0,0,
256,13:10:00,20230105,551601510,328.9,328.1,-0.7999999999999545,-0.0024323502584370767,0.001237287086313365,0,37,37,4.1164071919738144401529212869,328.5345828432353,330.6874150356608,0,0,
257,13:20:00,20230105,551601510,328.1,328.2,0.0999999999999659,0.0003047851264857235,0.0012336727376318626,37,75,38,4.1044328502492144889392550301,328.4676662745882,330.5630442838778,0,0,
258,13:30:00,20230105,551601510,328.2,329.7,1.5,0.004570383912248629,0.0012465557923601127,75,38,-37,4.0904903810719330945160661432,328.71413301967056,330.5198920696839,0,0,
259,13:40:00,20230105,551601510,329.7,330.3,0.6000000000000227,0.0018198362147407424,0.0012487607170615768,38,74,36,4.0784014504564742425331096135,329.0313064157364,330.5088974661997,0,0,
260,13:50:00,20230105,551601510,330.3,329.9,-0.4000000000000341,-0.00121102028458987,0.0012486161177034476,74,181,107,4.0683154140407250919714729711,329.20504513258913,330.4784525928897,0,0,
261,14:00:00,20230105,551601510,329.9,328.7,-1.1999999999999886,-0.003637465898757165,0.0012577338649593778,181,168,-13,4.0530616269811035820889957114,329.1040361060713,330.38952996324525,0,0,
262,14:10:00,20230105,551601510,328.7,328.2,-0.5,-0.0015211439002129601,0.001258735424028783,168,187,19,4.0380807661868607475382318313,328.92322888485705,330.28005346508303,0,0,
263,14:20:00,20230105,551601510,328.2,327.9,-0.30000000000001137,-0.0009140767824497605,0.0012574298988712867,187,176,-11,4.0230078221081672019258989567,328.71858310788565,330.16105079182887,0,0,
264,14:30:00,20230105,551601510,327.9,327.7,-0.19999999999998863,-0.0006099420555046925,0.0012549865485189599,176,174,-2,4.0078695421619614251776365593,328.5148664863085,330.0379982522374,0,0,
265,14:40:00,20230105,551601510,327.7,327.6,-0.0999999999999659,-0.0003051571559352026,0.0012514157613287954,174,159,-15,3.9931264495092913601879876793,328.3318931890468,329.91609833962553,0,0,
266,14:50:00,20230105,551601510,327.6,327.7,0.0999999999999659,0.0003052503052502011,0.0012478720704820591,159,468,309,3.9854495572879647795866193416,328.20551455123746,329.80529342264424,0,0,
267,15:00:00,20230105,551601510,327.7,327.7,0,0,0.0012432158314130961,468,0,-468,3.9743098201339052095135349411,328.10441164098995,329.70002875151204,0,0,
268,15:10:00,20230105,551601510,327.7,327.7,0,0,0.0012385942112219694,0,0,0,3.9595354341854520302960125064,328.023529312792,329.60002731393644,0,0,
269,15:20:00,20230105,551601510,327.7,327.7,0,0,0.0012340068252544806,0,0,0,3.9448704881329133190726939416,327.9588234502336,329.5050259482396,0,0,
270,15:30:00,20230105,551601510,327.7,327.7,0,0,0.0012294532945339844,0,0,0,3.9303137704645261850539755138,327.9070587601868,329.4147746508276,0,0,
271,15:40:00,20230105,551601510,327.7,327.7,0,0,0.001224933245657021,0,0,0,3.9158640874848771917265711921,327.8656470081495,329.3290359182862,0,0,
272,15:50:00,20230105,551601510,327.7,327.7,0,0,0.0012204463106912445,0,0,0,3.9015202629885955902916753269,327.83251760651956,329.2475841223719,0,0,
273,09:30:00,20230106,551601510,327.7,332.5,4.800000000000011,0.014647543484894755,0.0012694503149766588,0,10,10,3.8872811379411919567504648330,328.76601408521566,329.4102049162533,0,0,
274,09:40:00,20230106,551601510,332.5,333.4,0.8999999999999773,0.002706766917293165,0.0012746769208032643,10,111,101,3.9098728428941330769077358700,329.69281126817253,329.60969467044066,1,1,BUY
275,09:50:00,20230106,551601510,333.4,333.8,0.4000000000000341,0.0011997600479905044,0.0012744054828582906,111,36,-75,3.8981547372158053327003733331,330.514249014538,329.81920993691864,0,0,
276,10:00:00,20230106,551601510,333.8,333.8,0,0,0.0012698047410429178,36,0,-36,3.8876920847348818477447763175,331.1713992116304,330.0182494400727,0,0,
277,10:10:00,20230106,551601510,333.8,333.3,-0.5,-0.0014979029358897543,0.0012706252381466834,0,9,9,3.8737075808329578123212339566,331.5971193693043,330.1823369680691,0,0,
278,10:20:00,20230106,551601510,333.3,333.4,0.0999999999999659,0.0003000300030001977,0.0012671464021784165,9,17,8,3.8630093059514378520221932933,331.9576954954435,330.34322011966566,0,0,
279,10:30:00,20230106,551601510,333.4,333.7,0.30000000000001137,0.0008998200359928356,0.0012658345222991822,17,13,-4,3.8500531802789222126347190736,332.3061563963548,330.5110591136824,0,0,
280,10:40:00,20230106,551601510,333.7,333.7,0,0,0.0012613297731095053,13,0,-13,3.8399106422708121691733855538,332.58492511708386,330.67050615799826,0,0,
281,10:50:00,20230106,551601510,333.7,333.7,0,0,0.0012568569724956417,0,0,0,3.8262939378655965231834090093,332.80794009366707,330.8219808500983,0,0,
282,11:00:00,20230106,551601510,333.7,333.7,0,0,0.0012524157817801094,0,0,0,3.8127734645869195036668598609,332.9863520749337,330.9658818075934,0,0,
283,11:10:00,20230106,551601510,333.7,334.5,0.8000000000000114,0.002397362900809144,0.0012564472857203525,0,12,12,3.7993482059087965476680328896,333.289081659947,331.14258771721376,0,0,
284,11:20:00,20230106,551601510,334.5,334.4,-0.10000000000002274,-0.00029895366218242973,0.0012530876589710966,12,16,4,3.7871867502155493083194900841,333.5112653279576,331.30545833135307,0,0,
285,11:30:00,20230106,551601510,334.4,334.2,-0.19999999999998863,-0.0005980861244018799,0.0012507974438152603,16,16,0,3.7739448385015089261225687901,333.6490122623661,331.4501854147854,0,0,
286,11:40:00,20230106,551601510,334.2,334.2,0,0,0.0012464392645685173,16,11,-5,3.7618840550920960030350337072,333.7592098098929,331.5876761440461,0,0,
287,11:50:00,20230106,551601510,334.2,333.9,-0.30000000000001137,-0.0008976660682226553,0.0012452282465256496,11,15,4,3.7500845839412080434285357998,333.7873678479143,331.7032923368438,0,0,
288,12:00:00,20230106,551601510,333.9,334.1,0.20000000000004547,0.000598981731057339,0.0012429920994133025,15,5,-10,3.7394153177914691459310898858,333.8498942783314,331.8231277200016,0,0,
289,12:10:00,20230106,551601510,334.1,334.4,0.2999999999999545,0.0008979347500746917,0.0012418022464845487,5,9,4,3.7292794029025330454278792310,333.9599154226651,331.95197133400154,0,0,
290,12:20:00,20230106,551601510,334.4,334.2,-0.19999999999998863,-0.0005980861244018799,0.0012395901635907937,9,2,-7,3.7191367856340630960545111848,334.00793233813215,332.06437276730145,0,0,
291,12:30:00,20230106,551601510,334.2,334.2,0,0,0.0012353449917976746,2,0,-2,3.7098246733544943868214477903,334.0463458705058,332.17115412893634,0,0,
292,12:40:00,20230106,551601510,334.2,335.3,1.1000000000000227,0.003291442250149679,0.0012423623885838588,0,1,1,3.6971631556979944059790537705,334.29707669640464,332.3275964224895,0,0,
293,12:50:00,20230106,551601510,335.3,335.3,0,0,0.0012381366661737097,1,0,-1,3.6879891313588855814689209345,334.4976613571237,332.47621660136497,0,0,
294,13:00:00,20230106,551601510,335.3,336,0.6999999999999886,0.0020876826722337864,0.0012410164831434048,0,5,5,3.6754874732864825794978398466,334.798129085699,332.65240577129674,0,0,
295,13:10:00,20230106,551601510,336,336.1,0.10000000000002274,0.0002976190476191153,0.001237829329645012,5,6,1,3.6637459615524066248373741714,335.0585032685592,332.8247854827319,0,0,
296,13:20:00,20230106,551601510,336.1,336.1,0,0,0.0012336615541243218,6,0,-6,3.6547771199310180503429722382,335.2668026148474,332.9885462085953,0,0,
297,13:30:00,20230106,551601510,336.1,336.3,0.19999999999998863,0.0005950609937518257,0.001231518599223743,0,1,1,3.6425127671795716810465193112,335.4734420918779,333.15411889816556,0,0,
298,13:40:00,20230106,551601510,336.3,336.4,0.0999999999999659,0.0002973535533748614,0.0012283943014115392,1,1,0,3.6303304502324828125480359690,335.65875367350236,333.31641295325727,0,0,
299,13:50:00,20230106,551601510,336.4,336.4,0,0,0.0012242996537401673,1,0,-1,3.6215626820650412031728758491,335.80700293880193,333.4705923055944,0,0,
300,14:00:00,20230106,551601510,336.4,337,0.6000000000000227,0.0017835909631391878,0.0012261577644026227,0,6,6,3.6095309123571839234281154642,336.04560235104157,333.64706269031467,0,0,
301,14:10:00,20230106,551601510,337,337,0,0,0.0012220976393549317,6,0,-6,3.6008900815215641091121283269,336.23648188083325,333.81470955579897,0,0,
302,14:20:00,20230106,551601510,337,337.1,0.10000000000002274,0.00029673590504457787,0.0012190436402317953,0,2,2,3.5890059558399747886200090915,336.4091855046666,333.97897407800906,0,0,
303,14:30:00,20230106,551601510,337.1,337.4,0.2999999999999545,0.0008899436369028612,0.001217961074431371,2,31,29,3.6248973836168169768153380090,336.6073484037332,334.1500253741086,0,1,
304,14:40:00,20230106,551601510,337.4,337.5,0.10000000000002274,0.0002963841138115671,0.0012149395106260603,31,52,21,3.6152335212273805594402692117,336.7858787229866,334.3175241054032,0,0,
305,14:50:00,20230106,551601510,337.5,336.7,-0.8000000000000114,-0.002370370370370404,0.0012187154284683621,52,236,184,3.6149826323948124480092175526,336.76870297838923,334.43664790013304,0,0,
306,15:00:00,20230106,551601510,336.7,337.3,0.6000000000000227,0.0017820017820018496,0.0012205502374375266,236,3,-233,3.6064233669329180111719987685,336.8749623827114,334.5798155051264,0,0,
307,15:10:00,20230106,551601510,337.3,337.3,0,0,0.0012165874119913008,3,0,-3,3.5979609534039150306162455257,336.95996990616914,334.7158247298701,0,0,
308,15:20:00,20230106,551601510,337.3,337.3,0,0,0.0012126502359007141,0,0,0,3.5863170668233198363424065434,337.0279759249353,334.8450334933766,0,0,
309,15:30:00,20230106,551601510,337.3,337.3,0,0,0.0012087384609461957,0,0,0,3.5747483020916317078380761997,337.08238073994823,334.9677818187078,0,0,
310,15:40:00,20230106,551601510,337.3,337.3,0,0,0.0012048518421007095,0,0,0,3.5632539345607904483273428357,337.1259045919586,335.0843927277724,0,0,
311,15:50:00,20230106,551601510,337.3,337.3,0,0,0.001200990137478592,0,0,0,3.5518332488730956071468064805,337.16072367356685,335.1951730913838,0,0,
312,09:30:00,20230109,551601510,337.3,339.2,1.8999999999999773,0.005632967684553742,0.0012151498101529534,0,9,9,3.5404855388127981770920243512,337.56857893885353,335.39541443681463,0,0,
313,09:40:00,20230109,551601510,339.2,339.1,-0.0999999999999659,-0.00029481132075461646,0.0012122187958555064,9,6,-3,3.5302716782857935119845125964,337.8748631510828,335.58064371497386,0,0,
314,09:50:00,20230109,551601510,339.1,338.7,-0.4000000000000341,-0.001179593040401162,0.0012121152220286673,6,11,5,3.5217099692541984003062548845,338.03989052086627,335.7366115292252,0,0,
315,10:00:00,20230109,551601510,338.7,338.6,-0.0999999999999659,-0.00029524653085316176,0.001209213738828745,11,12,1,3.5108530044493088196378518915,338.151912416693,335.8797809527639,0,0,
316,10:10:00,20230109,551601510,338.6,339.5,0.8999999999999773,0.002658003544004658,0.0012137840536715712,12,15,3,3.5005664019116138391342624534,338.42152993335435,336.0607919051257,0,0,
317,10:20:00,20230109,551601510,339.5,339.9,0.39999999999997726,0.001178203240058843,0.0012136721643205878,15,11,-4,3.4903969058888309863906536616,338.7172239466835,336.25275230986944,0,0,
318,10:30:00,20230109,551601510,339.9,339.6,-0.2999999999999545,-0.0008826125330978362,0.0012126343598339961,11,47,36,3.4897145559416160702178701933,338.8937791573468,336.42011469437597,0,0,
319,10:40:00,20230109,551601510,339.6,340.3,0.6999999999999886,0.0020612485276795896,0.0012152862791085135,47,47,0,3.4788091979542985199984393489,339.1750233258774,336.61410895965713,0,0,
320,10:50:00,20230109,551601510,340.3,340.7,0.39999999999997726,0.0011754334410813319,0.0012151621269651267,47,2,-45,3.4709544864607045629201648974,339.48001866070194,336.8184035116743,0,0,
321,11:00:00,20230109,551601510,340.7,340,-0.6999999999999886,-0.0020545934840034887,0.00121776905664537,2,1,-1,3.4617279197325657288738289816,339.58401492856154,336.9774833360906,0,0,
322,11:10:00,20230109,551601510,340,340,0,0,0.0012139988738074587,1,0,-1,3.4541064710646630485986778083,339.66721194284924,337.12860916928605,0,0,
323,11:20:00,20230109,551601510,340,339.6,-0.39999999999997726,-0.0011764705882352272,0.001213883045765569,0,1,1,3.4434456486231054465968300373,339.6537695542794,337.2521787108218,0,0,
324,11:30:00,20230109,551601510,339.6,339.4,-0.20000000000004547,-0.0005889281507657405,0.0012119601076271082,1,3,2,3.4390042773965728144534551756,339.60301564342353,337.35956977528076,0,0,
325,11:40:00,20230109,551601510,339.4,339.4,0,0,0.0012082424385853072,3,43,40,3.4693549800221456994806940657,339.5624125147388,337.46159128651675,0,1,
326,11:50:00,20230109,551601510,339.4,339.5,0.10000000000002274,0.0002946375957572856,0.0012054485399833866,43,4,-39,3.4615189609523105337686060318,339.54993001179105,337.5635117221909,0,0,
327,12:00:00,20230109,551601510,339.5,339.3,-0.19999999999998863,-0.0005891016200294215,0.0012035694335201122,4,3,-1,3.4517277446079437333607749158,339.49994400943285,337.65033613608136,0,0,
328,12:10:00,20230109,551601510,339.3,339.2,-0.10000000000002274,-0.0002947244326555341,0.0012008069867089737,3,9,6,3.4473151982717493755086145057,339.4399552075463,337.7278193292773,0,0,
329,12:20:00,20230109,551601510,339.2,339,-0.19999999999998863,-0.0005896226415094004,0.0011989549129356417,9,16,7,3.4392256909369191585457937883,339.351964166037,337.7914283628134,0,0,
330,12:30:00,20230109,551601510,339,338.6,-0.39999999999997726,-0.0011799410029497855,0.0011988974690988264,16,15,-1,3.4290241027467774088220904838,339.20157133282964,337.8318569446727,0,0,
331,12:40:00,20230109,551601510,338.6,337.9,-0.7000000000000455,-0.002067336089781587,0.0012015132480767865,15,36,21,3.4229125843650100069882890064,338.9412570662637,337.83526409743905,0,0,
332,12:50:00,20230109,551601510,337.9,338.1,0.20000000000004547,0.0005918910920391994,0.0011996825509115086,36,27,-9,3.4133843183458958628231590094,338.77300565301096,337.84850089256713,0,0,
333,13:00:00,20230109,551601510,338.1,338.2,0.0999999999999659,0.0002957704821057849,0.00119697622735221,27,6,-21,3.4054932807992847308320051734,338.6584045224088,337.8660758479388,0,0,
334,13:10:00,20230109,551601510,338.2,338.2,0,0,0.0011934031639869794,6,0,-6,3.3983127038416749256653424714,338.566723617927,337.8827720555419,0,0,
335,13:20:00,20230109,551601510,338.2,338.2,0,0,0.0011898513688560657,0,0,0,3.3881986779373842264818146664,338.49337889434156,337.89863345276484,0,0,
336,13:30:00,20230109,551601510,338.2,338.1,-0.0999999999999659,-0.00029568302779410375,0.001187198050336594,0,2,2,3.3781446759257005937622840591,338.41470311547323,337.90870178012665,0,0,
337,13:40:00,20230109,551601510,338.1,338.4,0.2999999999999545,0.000887311446317523,0.001186310811863165,2,2,0,3.3681501650501807695203838104,338.4117624923786,337.9332666911203,0,0,
338,13:50:00,20230109,551601510,338.4,338.4,0,0,0.0011828113699402648,2,0,-2,3.3611644713479678468964298759,338.4094099939029,337.9566033565643,0,0,
339,14:00:00,20230109,551601510,338.4,338.4,0,0,0.0011793325129698523,0,0,0,3.3512786934910620591114403763,338.40752799512234,337.9787731887361,0,0,
340,14:10:00,20230109,551601510,338.4,338.4,0,0,0.0011758740598526386,0,0,0,3.3414508967359563052724038943,338.40602239609785,337.99983452929933,0,0,
341,14:20:00,20230109,551601510,338.4,338.4,0,0,0.0011724358316074555,0,0,0,3.3316805724764944447306717192,338.4048179168783,338.0198428028344,0,0,
342,14:30:00,20230109,551601510,338.4,336.9,-1.5,-0.004432624113475178,0.0011819407537120262,0,6,6,3.3219672180377874638422441049,338.1038543335026,337.9638506626926,0,0,
343,14:40:00,20230109,551601510,336.9,336.9,0,0,0.0011785048794279796,6,1,-5,3.3147328172101582367186716899,337.8630834668021,337.910658129558,-1,0,
344,14:50:00,20230109,551601510,336.9,337,0.10000000000002274,0.00029682398337792443,0.0011759492826278345,1,240,239,3.9978785191892592273368784386,337.6904667734417,337.8651252230801,0,1,
345,15:00:00,20230109,551601510,337,337,0,0,0.001172550585279199,240,0,-240,3.9892141304054752411307024894,337.5523734187534,337.8218689619261,0,0,
346,15:10:00,20230109,551601510,337,337,0,0,0.0011691714769642735,0,0,0,3.9777178360815401539804699174,337.4418987350027,337.78077551382984,0,0,
347,15:20:00,20230109,551601510,337,337,0,0,0.0011658117888120774,0,0,0,3.9662876124146391765265030498,337.3535189880022,337.74173673813834,0,0,
348,15:30:00,20230109,551601510,337,337,0,0,0.0011624713538871145,0,0,0,3.9549228914621617003759973104,337.2828151904017,337.70464990123145,0,0,
349,15:40:00,20230109,551601510,337,337,0,0,0.0011591500071617227,0,0,0,3.9436231117722698098034944609,337.2262521523214,337.6694174061699,0,0,
350,15:50:00,20230109,551601510,337,337,0,0,0.0011558475854888972,0,0,0,3.9323877182914371322826867844,337.1810017218571,337.6359465358614,0,0,
351,09:30:00,20230110,551601510,337,334.6,-2.3999999999999773,-0.007121661721068182,0.0011727959211013383,0,2,2,3.9212161622735637313387018788,336.66480137748573,337.4841492090684,0,0,
352,09:40:00,20230110,551601510,334.6,334.2,-0.4000000000000341,-0.001195457262402971,0.0011728601175356205,2,4,2,3.9129407623804374884737197205,336.17184110198855,337.31994174861495,0,0,
353,09:50:00,20230110,551601510,334.2,334.5,0.30000000000001137,0.0008976660682226553,0.0011720827332155274,4,7,3,3.9040059014697582865288787043,335.8374728815909,337.17894466118423,0,0,
354,10:00:00,20230110,551601510,334.5,334.8,0.30000000000001137,0.0008968609865471191,0.001171307460689701,7,8,1,3.8934111162342297923615941365,335.62997830527274,337.05999742812503,0,0,
355,10:10:00,20230110,551601510,334.8,335.3,0.5,0.0014934289127837513,0.001172212296229291,8,21,13,3.8870391748964931918212525799,335.5639826442182,336.97199755671875,0,0,
356,10:20:00,20230110,551601510,335.3,335.3,0,0,0.001168928788396716,21,0,-21,3.8789522304289960120122294634,335.5111861153745,336.8883976788828,0,0,
357,10:30:00,20230110,551601510,335.3,334.9,-0.4000000000000341,-0.0011929615269908563,0.0011689959189514483,0,10,10,3.8681171683328256320904075934,335.3889488922996,336.78897779493866,0,0,
358,10:40:00,20230110,551601510,334.9,334.9,0,0,0.001165739662909801,10,0,-10,3.8601279840199208253157825026,335.2911591138396,336.69452890519176,0,0,
359,10:50:00,20230110,551601510,334.9,335.3,0.4000000000000341,0.0011943863839953244,0.0011658192371350384,0,23,23,3.8494054062865321563565719956,335.2929272910717,336.62480245993214,0,0,
360,11:00:00,20230110,551601510,335.3,335.3,0,0,0.0011625898209656892,23,1,-22,3.8413918781226648506121180445,335.29434183285736,336.5585623369355,0,0,
361,11:10:00,20230110,551601510,335.3,335.7,0.39999999999997726,0.0011929615269906867,0.0011626737207060898,1,1,0,3.8307802983488453344502061162,335.3754734662859,336.51563422008877,0,0,
362,11:20:00,20230110,551601510,335.7,335.7,0,0,0.0011594707627978085,1,0,-1,3.8229820055159284051542000387,335.44037877302867,336.47485250908437,0,0,
363,11:30:00,20230110,551601510,335.7,335.9,0.19999999999998863,0.000595770032767318,0.0011579221344186039,0,7,7,3.8124793076985769534916885001,335.53230301842297,336.4461098836302,0,0,
364,11:40:00,20230110,551601510,335.9,336,0.10000000000002274,0.00029770765108670064,0.0011555653824094753,7,3,-4,3.8035997166403029657521809387,335.6258424147384,336.42380438944866,0,0,
365,11:50:00,20230110,551601510,336,336,0,0,0.0011524080999438756,3,0,-3,3.7959396081248923019113279853,335.7006739317907,336.40261416997623,0,0,
366,12:00:00,20230110,551601510,336,336.2,0.19999999999998863,0.0005952380952380614,0.0011508899255441322,0,3,3,3.7855964484297291076281908518,335.80053914543254,336.3924834614774,0,0,
367,12:10:00,20230110,551601510,336.2,336.2,0,0,0.0011477625072681972,3,0,-3,3.7780268928633439741835490288,335.88043131634606,336.38285928840355,0,0,
368,12:20:00,20230110,551601510,336.2,335.8,-0.39999999999997726,-0.0011897679952408604,0.0011478763432789631,0,3,3,3.7677883375981316598903686791,335.8643450530768,336.3537163239834,0,0,
369,12:30:00,20230110,551601510,335.8,336.8,1,0.0029779630732578916,0.0011528225236302576,3,38,35,3.7891366574064249977465208358,336.05147604246145,336.3760305077842,0,1,
370,12:40:00,20230110,551601510,336.8,336.6,-0.19999999999998863,-0.0005938242280284698,0.0011513157896798484,38,3,-35,3.7814059727006905566971260428,336.1611808339691,336.38722898239496,0,0,
371,12:50:00,20230110,551601510,336.6,336.6,0,0,0.0011482208547613543,3,0,-3,3.7739290749246134315447144137,336.2489446671753,336.3978675332752,0,0,
372,13:00:00,20230110,551601510,336.6,336.6,0,0,0.0011451425146681603,0,0,0,3.7638113026057806877604122303,336.3191557337402,336.40797415661143,0,0,
373,13:10:00,20230110,551601510,336.6,336.6,0,0,0.0011420806362866947,0,0,0,3.7537476360212732527664004329,336.3753245869922,336.41757544878084,0,0,
374,13:20:00,20230110,551601510,336.6,336.9,0.2999999999999545,0.0008912655971478149,0.0011414117961823244,0,9,9,3.7437376423252165240923566984,336.48025966959375,336.44169667634185,1,0,
375,13:30:00,20230110,551601510,336.9,337.1,0.20000000000004547,0.0005936479667558489,0.0011399549774870413,9,3,-6,3.7355539429218693170247351824,336.604207735675,336.4746118425248,0,0,
376,13:40:00,20230110,551601510,337.1,337.1,0,0,0.0011369312242311075,3,0,-3,3.7282978316674346504013273968,336.70336618854003,336.50588125039855,0,0,
377,13:50:00,20230110,551601510,337.1,337.1,0,0,0.0011339234696696495,0,0,0,3.7184346098905366751357154196,336.78269295083203,336.53558718787866,0,0,
378,14:00:00,20230110,551601510,337.1,336.4,-0.7000000000000455,-0.0020765351527737923,0.0011364105717358874,0,3,3,3.7086234367773690321934048248,336.70615436066566,336.52880782848473,0,0,
379,14:10:00,20230110,551601510,336.4,337.1,0.7000000000000455,0.002080856123662442,0.001138895954767273,3,2,-1,3.6997410943998847277227204261,336.78492348853257,336.5573674370605,0,0,
380,14:20:00,20230110,551601510,337.1,337.1,0,0,0.0011359067265395374,2,0,-2,3.6926551597689139016657054119,336.84793879082605,336.5844990652075,0,0,
381,14:30:00,20230110,551601510,337.1,336.2,-0.9000000000000341,-0.0026698309107090895,0.0011399222348750597,0,4,4,3.6829885232250162212948527799,336.71835103266085,336.56527411194713,0,0,
382,14:40:00,20230110,551601510,336.2,336.2,0,0,0.0011369459366116783,4,0,-4,3.6759833312583712703254145220,336.6146808261287,336.5470104063498,0,0,
383,14:50:00,20230110,551601510,336.2,337.4,1.1999999999999886,0.00356930398572275,0.0011432802023645717,0,414,414,3.6664104579998859284756087550,336.771744660903,336.5896598860323,0,0,
384,15:00:00,20230110,551601510,337.4,337.6,0.20000000000004547,0.0005927682276231342,0.001141850301131477,414,2,-412,3.6594721687119007802580988609,336.93739572872244,336.6401768917307,0,0,
385,15:10:00,20230110,551601510,337.6,337.6,0,0,0.001138892139729582,2,0,-2,3.6525823444406264259050986048,337.06991658297795,336.68816804714413,0,0,
386,15:20:00,20230110,551601510,337.6,337.6,0,0,0.0011359492659835106,0,0,0,3.6431441471681700268717520968,337.17593326638234,336.7337596447869,0,0,
387,15:30:00,20230110,551601510,337.6,337.6,0,0,0.0011330215616897387,0,0,0,3.6337546003971180422664125295,337.2607466131059,336.77707166254754,0,0,
388,15:40:00,20230110,551601510,337.6,337.6,0,0,0.001130108909860202,0,0,0,3.6244133289308015434431055564,337.3285972904847,336.81821807942015,0,0,
389,15:50:00,20230110,551601510,337.6,337.6,0,0,0.0011272111947067144,0,0,0,3.6151199614207225651265847729,337.38287783238775,336.85730717544914,0,0,
