N-term, time, date, conId, Previous Price, Current Price, Difference in Price ($), Difference in Price (%), cumulativeAggregatedAvg, Previous Volume, Current Volume, Difference in Volume, cumulativeAggregatedAvgVolume, SMA 5, SMA20, Crossing SMA Condition, Volume Condition, Order
0,09:30:00,20221227,568735919,126.15625,126.125,-0.03125,-0.00024770869457517957,0.00024770869457517957,3455,3455,0,0,,,0,0,
1,09:40:00,20221227,568735919,126.125,125.9375,-0.1875,-0.0014866204162537165,0.0008671645554144481,3455,2156,-1299,0.1879884225759768451519536903,,,0,0,
2,09:50:00,20221227,568735919,125.9375,125.8125,-0.125,-0.0009925558312655087,0.0009089616473648016,2156,1611,-545,0.2095865921687712053641348659,,,0,0,
3,10:00:00,20221227,568735919,125.8125,125.875,0.0625,0.0004967709885742673,0.000805913982667168,1611,3336,1725,0.4248808193593530781385573878,,,0,1,
4,10:10:00,20221227,568735919,125.875,125.875,0,0,0.0006447311861337345,3336,1856,-1480,0.4286336722740532059161216896,84.64716,,0,0,
5,10:20:00,20221227,568735919,125.875,125.75,-0.125,-0.0009930486593843098,0.0007027840983421636,1856,1159,-697,0.4197845257456190509071129022,92.867728,,0,0,
6,10:30:00,20221227,568735919,125.75,125.625,-0.125,-0.0009940357852882703,0.0007443914821916075,1159,4350,3191,0.7531346717656890028359500951,99.4191824,,0,1,
7,10:40:00,20221227,568735919,125.625,125.5625,-0.0625,-0.0004975124378109452,0.0007135316016440246,4350,2369,-1981,0.7159181251512997165619161033,104.64784592,,0,0,
8,10:50:00,20221227,568735919,125.5625,125.46875,-0.09375,-0.0007466401194624191,0.0007172103258460685,2369,2774,405,0.6553670234917420490728124380,108.81202673599999,,0,0,
9,11:00:00,20221227,568735919,125.46875,125.59375,0.125,0.00099626400996264,0.0007451156942577256,2774,2568,-206,0.5972564206378814706976148279,112.16837138879998,,0,0,
10,11:10:00,20221227,568735919,125.59375,125.59375,0,0,0.0006773779038706596,2568,2417,-151,0.5483058935847067462303436980,114.85344711104,,0,0,
11,11:20:00,20221227,568735919,125.59375,125.5,-0.09375,-0.0007464543418760885,0.0006831342737044453,2417,1653,-764,0.5289549301040062840306905220,116.98275768883201,,0,0,
12,11:30:00,20221227,568735919,125.5,125.5,0,0,0.0006305854834194881,1653,2309,656,0.5187933358249834170986447575,118.68620615106562,,0,0,
13,11:40:00,20221227,568735919,125.5,125.46875,-0.03125,-0.000249003984063745,0.0006033296620369349,2309,1430,-879,0.5089284031881002051305456811,120.04271492085249,,0,0,
14,11:50:00,20221227,568735919,125.46875,125.4375,-0.03125,-0.00024906600249066,0.00057971208473385,1430,2258,828,0.5136012415769587928537773676,121.12167193668199,,0,0,
15,12:00:00,20221227,568735919,125.4375,125.5,0.0625,0.0004982561036372695,0.0005746210859153137,2258,2678,420,0.4931264961307460782206997188,121.99733754934559,,0,0,
16,12:10:00,20221227,568735919,125.5,125.40625,-0.09375,-0.000747011952191235,0.0005847617251080149,2678,2171,-507,0.4752555486142030479198818598,122.67912003947647,,0,0,
17,12:20:00,20221227,568735919,125.40625,125.40625,0,0,0.0005522749626020141,2171,1922,-249,0.4552243342214133755458078663,123.22454603158117,,0,0,
18,12:30:00,20221227,568735919,125.40625,125.34375,-0.0625,-0.00049838026414154,0.0005494383995251471,1922,2143,221,0.4373169688023445188778895050,123.64838682526494,,0,0,
19,12:40:00,20221227,568735919,125.34375,125.34375,0,0,0.0005219664795488898,2143,1838,-305,0.4225673126160770362844383335,123.98745946021194,80.54278495519267,0,0,
20,12:50:00,20221227,568735919,125.34375,125.3125,-0.03125,-0.0002493143854400399,0.0005089830464960874,1838,1676,-162,0.4066421682928387961504729038,124.25246756816955,82.78127070743304,0,0,
21,13:00:00,20221227,568735919,125.3125,125.4375,0.125,0.000997506234413965,0.0005311886459469001,1676,2646,970,0.4144656583650128625871133739,124.48947405453563,84.91408217206138,0,0,
22,13:10:00,20221227,568735919,125.4375,125.4375,0,0,0.0005080934874274696,2646,1551,-1095,0.4144381166772507929429334471,124.67907924362851,86.94025306345831,0,0,
23,13:20:00,20221227,568735919,125.4375,125.375,-0.0625,-0.0004982561036372695,0.0005076835964362113,1551,954,-597,0.4132079017899088635464556431,124.81826339490281,88.8619904102854,0,0,
24,13:30:00,20221227,568735919,125.375,125.375,0,0,0.00048737625257876284,954,1589,635,0.4233043236638051714783919666,124.92961071592225,90.68764088977113,0,1,
25,13:40:00,20221227,568735919,125.375,125.34375,-0.03125,-0.0002492522432701894,0.0004782176368361254,1589,2275,686,0.4236279289718899268281725534,125.0124385727378,92.42044634528258,0,0,
26,13:50:00,20221227,568735919,125.34375,125.34375,0,0,0.0004605058725088615,2275,5258,2983,0.4565012942399233076416183400,125.07870085819025,94.06661152801846,0,1,
27,14:00:00,20221227,568735919,125.34375,125.4375,0.09375,0.0007479431563201197,0.000470771489787835,5258,4517,-741,0.4452308233580459184144568091,125.15046068655221,95.63515595161752,0,0,
28,14:10:00,20221227,568735919,125.4375,125.4375,0,0,0.0004545379901399786,4517,688,-3829,0.4591086059181194077346639850,125.20786854924177,97.12527315403663,0,0,
29,14:20:00,20221227,568735919,125.4375,125.4375,0,0,0.00043938672380197934,688,1932,1244,0.5040763035503061251512604568,125.25379483939341,98.5408844963348,0,1,
30,14:30:00,20221227,568735919,125.4375,125.40625,-0.03125,-0.00024912805181863477,0.0004332493472863876,1932,1456,-476,0.4957634167130124726802754304,125.28428587151473,99.88415277151806,0,0,
31,14:40:00,20221227,568735919,125.40625,125.4375,0.03125,0.00024919013207077,0.00042749749681089954,1456,1070,-386,0.4885554940066648988430827573,125.31492869721177,101.16182013294215,0,0,
32,14:50:00,20221227,568735919,125.4375,125.34375,-0.09375,-0.0007473841554559044,0.00043719103192135425,1070,2754,1684,0.5214426540580064043156939567,125.32069295776941,102.37091662629506,0,1,
33,15:00:00,20221227,568735919,125.34375,125.40625,0.0625,0.0004986287708800798,0.0004389980242436697,2754,1055,-1699,0.5242508360683897009378753703,125.33780436621552,103.52268329498031,0,0,
34,15:10:00,20221227,568735919,125.40625,125.40625,0,0,0.0004264552235509934,1055,1005,-50,0.5106263368929759938426970760,125.35149349297241,104.6168616302313,0,0,
35,15:20:00,20221227,568735919,125.40625,125.375,-0.03125,-0.00024919013207077,0.00042153119323209835,1005,332,-673,0.5150437092374358923000793159,125.35619479437793,105.65476854871973,0,0,
36,15:30:00,20221227,568735919,125.375,125.46875,0.09375,0.0007477567298105683,0.00043034809962611107,332,832,500,0.5418269629441414673372311937,125.37870583550234,106.64546762128374,0,1,
37,15:40:00,20221227,568735919,125.46875,125.46875,0,0,0.00041902314963595025,832,289,-543,0.5447432068342753963344295631,125.39671466840187,107.58663174021956,0,0,
38,15:50:00,20221227,568735919,125.46875,125.5,0.03125,0.00024906600249066,0.0004146652740681223,289,671,382,0.5646677222477164761374062161,125.41737173472148,108.48230015320858,0,1,
39,09:30:00,20221228,568735919,125.5,125.09375,-0.40625,-0.0032370517928286854,0.0004852249370371364,671,6183,5512,0.7559161558681256506721230726,125.35264738777718,109.31287264554815,0,1,
40,09:40:00,20221228,568735919,125.09375,124.90625,-0.1875,-0.0014988758431176618,0.0005099481298683687,6183,3804,-2379,0.7468636807821005507793970025,125.26336791022175,110.09254151327075,0,0,
41,09:50:00,20221228,568735919,124.90625,124.75,-0.15625,-0.0012509382036527395,0.0005275907506727585,3804,5488,1684,0.7396214956029964091792966933,125.1606943281774,110.82541443760721,0,0,
42,10:00:00,20221228,568735919,124.75,124.8125,0.0625,0.000501002004008016,0.0005269724077270669,5488,4224,-1264,0.7277772910473093952564206498,125.09105546254193,111.52476871572684,0,0,
43,10:10:00,20221228,568735919,124.8125,124.78125,-0.03125,-0.0002503755633450175,0.000520686115809293,4224,3322,-902,0.7160901177659311514248353320,125.02909437003355,112.1875927799405,0,0,
44,10:20:00,20221228,568735919,124.78125,124.8125,0.03125,0.00025043826696719256,0.0005146806080572463,3322,2972,-350,0.7025182977698215569032398877,124.98577549602683,112.81883814094347,0,0,
45,10:30:00,20221228,568735919,124.8125,124.875,0.0625,0.000500751126690035,0.0005143777932449156,2972,2935,-37,0.6875168027951894129281943252,124.96362039682145,113.4216462338963,0,0,
46,10:40:00,20221228,568735919,124.875,125.0625,0.1875,0.0015015015015015015,0.0005353804253354813,2935,4082,1147,0.6812036938299940022431803679,124.98339631745716,114.00368892220148,0,0,
47,10:50:00,20221228,568735919,125.0625,125.15625,0.09375,0.0007496251874062968,0.0005398438578786232,4082,2421,-1661,0.6754892080886599160254528331,125.01796705396573,114.5613169760914,0,0,
48,11:00:00,20221228,568735919,125.15625,125.21875,0.0625,0.0004993757802746567,0.0005390179787438484,2421,1595,-826,0.6686665983323385641073078491,125.05812364317259,115.09418862728683,0,0,
49,11:10:00,20221228,568735919,125.21875,125.1875,-0.03125,-0.0002495632642874969,0.0005332288844547213,1595,1136,-459,0.6610487522591087207248482125,125.08399891453809,115.59885419592248,0,0,
50,11:20:00,20221228,568735919,125.1875,125.21875,0.03125,0.00024962556165751375,0.0005276680349881094,1136,1913,777,0.6614983624744092677639356958,125.11094913163048,116.07984898612635,0,0,
51,11:30:00,20221228,568735919,125.21875,125.09375,-0.125,-0.0009982530571499876,0.000536717746952761,1913,1203,-710,0.6559146400950057440071259227,125.10750930530438,116.53054403682003,0,0,
52,11:40:00,20221228,568735919,125.09375,125.21875,0.125,0.0009992505620784412,0.0005454447812004153,1203,1554,351,0.6490439973303091221962353428,125.12975744424351,116.96495433497903,0,0,
53,11:50:00,20221228,568735919,125.21875,125.09375,-0.125,-0.0009982530571499876,0.0005538301196439259,1554,956,-598,0.6441508378392549683293571584,125.1225559553948,117.37139411823007,0,0,
54,12:00:00,20221228,568735919,125.09375,125.1875,0.09375,0.0007494379215588309,0.0005573866251332878,956,2695,1739,0.6655124163677006178211246471,125.13554476431585,117.76219941231858,0,1,
55,12:10:00,20221228,568735919,125.1875,125.15625,-0.03125,-0.00024962556165751375,0.0005518908918569346,2695,1239,-1456,0.6632757614372013257125377738,125.13968581145268,118.13190194170265,0,0,
56,12:20:00,20221228,568735919,125.15625,125.0625,-0.09375,-0.000749063670411985,0.0005553500634105321,1239,1186,-53,0.6523898082998283389722713691,125.12424864916214,118.47843184461752,0,0,
57,12:30:00,20221228,568735919,125.0625,125.09375,0.03125,0.0002498750624687656,0.0005500832530494672,1186,385,-801,0.6527861810299034042449771631,125.11814891932971,118.80919775238665,0,0,
58,12:40:00,20221228,568735919,125.09375,125.03125,-0.0625,-0.0004996252810392206,0.0005492280331848867,385,822,437,0.6609603971999886866295549219,125.10076913546376,119.12030036476733,0,1,
59,12:50:00,20221228,568735919,125.03125,125.0625,0.03125,0.00024993751562109475,0.0005442398578921568,822,1016,194,0.6538778861193238305790785605,125.09311530837101,119.41741034652897,0,0,
60,13:00:00,20221228,568735919,125.0625,125.03125,-0.03125,-0.0002498750624687656,0.0005394142055081668,1016,1148,132,0.6452884332295401560620341592,125.08074224669681,119.69810232920253,0,0,
61,13:10:00,20221228,568735919,125.03125,124.875,-0.15625,-0.0012496875781054736,0.000550870227646833,1148,2938,1790,0.6600294818786984102606514570,125.03959379735744,119.9569472127424,0,1,
62,13:20:00,20221228,568735919,124.875,124.9375,0.0625,0.0005005005005005005,0.0005500707081683198,2938,1162,-1776,0.6591479480755518148586082034,125.01917503788594,120.20597485210529,0,0,
63,13:30:00,20221228,568735919,124.9375,124.90625,-0.03125,-0.0002501250625312656,0.0005453840574552409,1162,1888,726,0.6586110247259418857376730871,124.99659003030875,120.44098860950002,0,0,
64,13:40:00,20221228,568735919,124.90625,124.90625,0,0,0.000536993533494391,1888,1307,-581,0.6532129020508882817589187945,124.978522024247,120.66425167902501,0,0,
65,13:50:00,20221228,568735919,124.90625,124.84375,-0.0625,-0.0005003752814610958,0.0005364387114938865,1307,5669,4362,0.6938826145201040316341951982,124.9515676193976,120.87322659507376,0,1,
66,14:00:00,20221228,568735919,124.84375,124.875,0.03125,0.00025031289111389235,0.0005321681768613492,5669,3882,-1787,0.6882309806229612315527513347,124.93625409551808,121.07331526532008,0,0,
67,14:10:00,20221228,568735919,124.875,124.9375,0.0625,0.0005005005005005005,0.0005317024757383955,3882,717,-3165,0.6900996631290286941217432859,124.93650327641446,121.26652450205408,0,0,
68,14:20:00,20221228,568735919,124.9375,124.90625,-0.03125,-0.0002501250625312656,0.0005276216436629298,717,1694,977,0.6998463641889297800941870444,124.93045262113156,121.44851077695138,0,1,
69,14:30:00,20221228,568735919,124.90625,124.90625,0,0,0.0005200841916106023,1694,1939,245,0.6919146746887101220786738647,124.92561209690525,121.62139773810381,0,0,
70,14:40:00,20221228,568735919,124.90625,124.96875,0.0625,0.0005003752814610958,0.0005198066013268064,1939,1082,-857,0.6883944736687171757602539690,124.9342396775242,121.7887653511986,0,0,
71,14:50:00,20221228,568735919,124.96875,124.875,-0.09375,-0.0007501875468867217,0.0005230063366818053,1082,2200,1118,0.6931844354099685622850460876,124.92239174201936,121.94307708363868,0,1,
72,15:00:00,20221228,568735919,124.875,124.90625,0.03125,0.00025025025025025025,0.0005192699519361675,2200,2259,59,0.6840561305662454562014402259,124.91916339361549,122.09123572945674,0,0,
73,15:10:00,20221228,568735919,124.90625,124.8125,-0.09375,-0.0007505629221916438,0.0005223955326152956,2259,1513,-746,0.6792747587624746625857584876,124.8978307148924,122.2272989429839,0,0,
74,15:20:00,20221228,568735919,124.8125,124.90625,0.09375,0.0007511266900350526,0.0005254452813808924,1513,699,-814,0.6773911481873909510678712649,124.89951457191391,122.36124649583469,0,0,
75,15:30:00,20221228,568735919,124.90625,124.84375,-0.0625,-0.0005003752814610958,0.000525115412960895,699,197,-502,0.6779276964032070365509590969,124.88836165753114,122.48537167104296,0,0,
76,15:40:00,20221228,568735919,124.84375,124.84375,0,0,0.0005182957322730912,197,421,224,0.6838903995351582669418524358,124.87943932602491,122.6032905874908,0,1,
77,15:50:00,20221228,568735919,124.84375,124.875,0.03125,0.00025031289111389235,0.0005148600548223322,421,530,109,0.6784418990721488988200874113,124.87855146081992,122.71687605811627,0,0,
78,09:30:00,20221229,568735919,124.875,125.15625,0.28125,0.0022522522522522522,0.0005368523611189135,530,1762,1232,0.6992784358166380577316076805,124.93409116865594,122.83884475521046,0,1,
79,09:40:00,20221229,568735919,125.15625,125.1875,0.03125,0.00024968789013732833,0.0005332628052316437,1762,3984,2222,0.7063007924858426813289183166,124.98477293492476,122.95627751744995,0,1,
80,09:50:00,20221229,568735919,125.1875,125.25,0.0625,0.0004992511233150275,0.0005328429079240312,3984,1554,-2430,0.7051111500975748035139101030,125.0378183479398,123.07096364157745,0,0,
81,10:00:00,20221229,568735919,125.25,125.28125,0.03125,0.000249500998003992,0.0005293875187786649,1554,4007,2453,0.7157623199562272877037222612,125.08650467835184,123.18147795949857,0,1,
82,10:10:00,20221229,568735919,125.28125,125.21875,-0.0625,-0.0004988775255674732,0.000529019928499012,4007,2146,-1861,0.7127343068825261359787926498,125.11295374268148,123.28334156152363,0,0,
83,10:20:00,20221229,568735919,125.21875,125.28125,0.0625,0.0004991265285749938,0.0005286640546903927,2146,1275,-871,0.7090811769033295072131462144,125.14661299414519,123.38323698344745,0,0,
84,10:30:00,20221229,568735919,125.28125,125.5,0.21875,0.001746071339486156,0.0005429864933350488,1275,3050,1775,0.7171173614426444311190584504,125.21729039531616,123.48907513427508,0,1,
85,10:40:00,20221229,568735919,125.5,125.53125,0.03125,0.000249003984063745,0.0005395680920644522,3050,3378,328,0.7100292640259457444438273094,125.28008231625293,123.59118387756132,0,0,
86,10:50:00,20221229,568735919,125.53125,125.59375,0.0625,0.0004978839930296241,0.0005390889644893393,3378,3558,180,0.7024804905087327954611222855,125.34281585300235,123.69131218368325,0,0,
87,11:00:00,20221229,568735919,125.59375,125.65625,0.0625,0.0004976362279173924,0.0005386179106646581,3558,3776,218,0.6951940119417707915063638886,125.40550268240187,123.7895590744991,0,0,
88,11:10:00,20221229,568735919,125.65625,125.59375,-0.0625,-0.0004973887092762995,0.0005381546612108562,3776,2621,-1155,0.6908196886310557892784310245,125.44315214592149,123.87976862077413,0,0,
89,11:20:00,20221229,568735919,125.59375,125.625,0.03125,0.0002488181139586962,0.0005349398106858323,2621,1591,-1030,0.6875103562986042346398335099,125.4795217167372,123.96703018973542,0,0,
90,11:30:00,20221229,568735919,125.625,125.59375,-0.03125,-0.0002487562189054726,0.0005317949360508832,1591,2266,675,0.6846175114027195582160487929,125.50236737338975,124.04836618024865,0,0,
91,11:40:00,20221229,568735919,125.59375,125.625,0.03125,0.0002488181139586962,0.0005287191010281421,2266,2111,-155,0.6779195218365497007823523417,125.52689389871179,124.12719787123622,0,0,
92,11:50:00,20221229,568735919,125.625,125.53125,-0.09375,-0.0007462686567164179,0.0005310583435624247,2111,1380,-731,0.6743535203461641809076991131,125.52776511896944,124.1974004776744,0,0,
93,12:00:00,20221229,568735919,125.53125,125.625,0.09375,0.0007468259895444362,0.0005333537440515949,1380,2507,1127,0.6758674899878716541604540871,125.54721209517555,124.26878045379068,0,0,
94,12:10:00,20221229,568735919,125.625,125.6875,0.0625,0.0004975124378109452,0.0005329764671437986,2507,2709,202,0.6696012468480333309938248242,125.57526967614045,124.33971643110115,0,0,
95,12:20:00,20221229,568735919,125.6875,125.65625,-0.03125,-0.0002486325211337643,0.0005300145510395274,2709,1866,-843,0.6658677436422404404220337595,125.59146574091235,124.4055431095461,0,0,
96,12:30:00,20221229,568735919,125.65625,125.5625,-0.09375,-0.0007460830639144492,0.0005322420614815368,1866,643,-1223,0.6657599591446303551090122736,125.58567259272988,124.4633909540688,0,0,
97,12:40:00,20221229,568735919,125.5625,125.59375,0.03125,0.00024888003982080636,0.0005293506122809171,643,1392,749,0.6708527376743222121830736744,125.5872880741839,124.51990890636536,0,1,
98,12:50:00,20221229,568735919,125.59375,125.59375,0,0,0.0005240036363992917,1392,1037,-355,0.6666524952294521283029009808,125.58858045934713,124.57360096104709,0,0,
99,13:00:00,20221229,568735919,125.59375,125.5625,-0.03125,-0.0002488181139586962,0.0005212517811748857,1037,922,-115,0.6610949384545925154094573133,125.5833643674777,124.62304591299474,0,0,
100,13:10:00,20221229,568735919,125.5625,125.5,-0.0625,-0.0004977600796416127,0.0005210191900705958,922,1175,253,0.6572663100611394720984511102,125.56669149398215,124.66689361734501,0,0,
101,13:20:00,20221229,568735919,125.5,125.46875,-0.03125,-0.000249003984063745,0.0005183523743254306,1175,2080,905,0.6583736282562013087299431415,125.54710319518571,124.70698643647776,0,0,
102,13:30:00,20221229,568735919,125.46875,125.46875,0,0,0.0005133198270018827,2080,1057,-1023,0.6567566699534898695861871588,125.53143255614857,124.74507461465387,0,0,
103,13:40:00,20221229,568735919,125.46875,125.4375,-0.03125,-0.00024906600249066,0.000510778924843121,1057,1973,916,0.6587744288489410849985243265,125.51264604491885,124.77969588392118,0,0,
104,13:50:00,20221229,568735919,125.4375,125.5,0.0625,0.0004982561036372695,0.0005106596598792557,1973,3337,1364,0.6590845104355075380156744798,125.5101168359351,124.81571108972513,0,0,
105,14:00:00,20221229,568735919,125.5,125.40625,-0.09375,-0.000747011952191235,0.0005128893984859725,3337,2167,-1170,0.6561744143393549417554523117,125.48934346874807,124.84523803523888,0,0,
106,14:10:00,20221229,568735919,125.40625,125.4375,0.03125,0.00024919013207077,0.0005104249193605968,2167,645,-1522,0.6566059944303831423394714554,125.47897477499845,124.87485113347692,0,0,
107,14:20:00,20221229,568735919,125.4375,125.46875,0.03125,0.00024912805181863477,0.0005080055039203934,645,1094,449,0.6569719021764698904472957579,125.47692981999876,124.90454607680307,0,0,
108,14:30:00,20221229,568735919,125.46875,125.4375,-0.03125,-0.00024906600249066,0.0005056299121641573,1094,1013,-81,0.6516239050865795959288268654,125.46904385599902,124.93119377296291,0,0,
109,14:40:00,20221229,568735919,125.4375,125.46875,0.03125,0.00024912805181863477,0.0005032980770701071,1013,1106,93,0.6465346560885296530886949295,125.46898508479921,124.95807158431477,0,0,
110,14:50:00,20221229,568735919,125.46875,125.5,0.03125,0.00024906600249066,0.0005010076980198418,1106,3459,2353,0.6598765640301917273086247424,125.47518806783938,124.98516800509903,0,1,
111,15:00:00,20221229,568735919,125.5,125.53125,0.03125,0.000249003984063745,0.0004987576648595195,3459,2680,-779,0.6559956089776878213883532638,125.4864004542715,125.01247210484408,0,0,
112,15:10:00,20221229,568735919,125.53125,125.53125,0,0,0.000494343880214745,2680,615,-2065,0.6570091202969976768852467166,125.49537036341721,125.03841099960188,0,0,
113,15:20:00,20221229,568735919,125.53125,125.5625,0.03125,0.00024894199651481205,0.000492191232112114,615,588,-27,0.6516309915139046292275027895,125.50879629073377,125.06461544962178,0,0,
114,15:30:00,20221229,568735919,125.5625,125.65625,0.09375,0.0007466401194624191,0.0004944038311325515,588,752,164,0.6483899530192258962788814993,125.53828703258702,125.0941971771407,0,0,
115,15:40:00,20221229,568735919,125.65625,125.6875,0.03125,0.0002486943546381497,0.0004922856459903584,752,1203,451,0.6479705055152083582882161599,125.56812962606962,125.12386231828366,0,0,
116,15:50:00,20221229,568735919,125.6875,125.6875,0,0,0.00048807807636650917,1203,841,-362,0.6450042138502482823028183720,125.5920037008557,125.15204420236947,0,0,
117,09:30:00,20221230,568735919,125.6875,124.78125,-0.90625,-0.0072103431128791645,0.0005450464241335656,841,5208,4367,0.6835433969872718135568070633,125.42985296068456,125.13350449225099,0,1,
118,09:40:00,20221230,568735919,124.78125,124.90625,0.125,0.0010017530678687703,0.0005488842950893237,5208,3784,-1424,0.6800970280985716373492210431,125.32513236854764,125.12214176763844,0,0,
119,09:50:00,20221230,568735919,124.90625,124.78125,-0.125,-0.0010007505629221916,0.0005526498473212643,3784,5064,1280,0.6772484394042336460795561109,125.21635589483812,125.10509717925652,0,0,
120,10:00:00,20221230,568735919,124.78125,124.75,-0.03125,-0.00025043826696719256,0.0005501522309547017,5064,5008,-56,0.6717427370274775469847516377,125.12308471587049,125.08734232029369,0,0,
121,10:10:00,20221230,568735919,124.75,124.625,-0.125,-0.001002004008016032,0.0005538559340453683,5008,2767,-2241,0.6699045508679007263644660026,125.02346777269639,125.064225204279,-1,0,
122,10:20:00,20221230,568735919,124.625,124.78125,0.15625,0.0012537612838515546,0.0005595462214421665,2767,3336,569,0.6661300250474692141168952502,124.97502421815712,125.05007644406506,0,0,
123,10:30:00,20221230,568735919,124.78125,124.75,-0.03125,-0.00025043826696719256,0.0005570534153576909,3336,1911,-1425,0.6642028335017742604871523609,124.9300193745257,125.0350726218618,0,0,
124,10:40:00,20221230,568735919,124.75,124.875,0.125,0.001002004008016032,0.0005606130200989576,1911,3287,1376,0.6646495457369521124524440483,124.91901549962057,125.02706899076871,0,0,
125,10:50:00,20221230,568735919,124.875,124.6875,-0.1875,-0.0015015015015015015,0.0005680803889989778,3287,3801,514,0.6606156096036579869806934203,124.87271239969645,125.01009054123027,0,0,
126,11:00:00,20221230,568735919,124.6875,124.5625,-0.125,-0.0010025062656641604,0.0005715010651931919,3801,2475,-1326,0.6581608060975282200347516858,124.81066991975717,124.98771101416877,0,0,
127,11:10:00,20221230,568735919,124.5625,124.46875,-0.09375,-0.0007526342197691922,0.0005729161679633169,2475,3952,1477,0.6576811722746387555632049357,124.74228593580574,124.96176296346033,0,0,
128,11:20:00,20221230,568735919,124.46875,124.46875,0,0,0.0005684749573589501,3952,2943,-1009,0.6545620450878755577279693452,124.68757874864458,124.93711231528732,0,0,
129,11:30:00,20221230,568735919,124.46875,124.625,0.15625,0.0012553351744915891,0.0005737584974907396,2943,4155,1212,0.6526948345003180738251140333,124.67506299891566,124.92150669952296,0,0,
130,11:40:00,20221230,568735919,124.625,124.78125,0.15625,0.0012537612838515546,0.000578949358455326,4155,8202,4047,0.6551476008034958480569448105,124.69630039913253,124.91449386454681,0,0,
131,11:50:00,20221230,568735919,124.78125,125.53125,0.75,0.006010518407212622,0.0006200976088246994,8202,51458,43256,0.6901376617810565012736740438,124.86329031930602,124.94533167131947,0,1,
132,12:00:00,20221230,568735919,125.53125,125.15625,-0.375,-0.002987303958177745,0.0006378961528047976,51458,29988,-21470,0.6880857505793772274776355899,124.92188225544481,124.95587758775349,0,0,
133,12:10:00,20221230,568735919,125.15625,125.125,-0.03125,-0.00024968789013732833,0.0006349990762177269,29988,7470,-22518,0.6885545163223972304296623369,124.96250580435586,124.96433370836581,0,0,
134,12:20:00,20221230,568735919,125.125,125.0625,-0.0625,-0.0004995004995004995,0.0006339953830568585,7470,5036,-2434,0.6858677175352205659333466270,124.98250464348469,124.96924202294753,1,0,
135,12:30:00,20221230,568735919,125.0625,124.84375,-0.21875,-0.0017491254372813594,0.0006421948687496857,5036,4764,-272,0.6812217131411120140217566431,124.95475371478776,124.96296742180014,-1,0,
136,12:40:00,20221230,568735919,124.84375,124.78125,-0.0625,-0.0005006257822277847,0.0006411615177531755,4764,3573,-1191,0.6780741093955564518756124340,124.9200529718302,124.95388155071014,0,0,
137,12:50:00,20221230,568735919,124.78125,124.875,0.09375,0.0007513148009015778,0.000641959729949903,3573,4087,514,0.6742029687698687798374364944,124.91104237746416,124.94993747317463,0,0,
138,13:00:00,20221230,568735919,124.875,124.84375,-0.03125,-0.00025025025025025025,0.0006391416761391142,4087,2523,-1564,0.6721056580595406228223076283,124.89758390197133,124.9446280995159,0,0,
139,13:10:00,20221230,568735919,124.84375,124.8125,-0.03125,-0.00025031289111389235,0.0006363643276746483,2523,1083,-1440,0.6713816827034333214481479484,124.88056712157706,124.9380216945401,0,0,
140,13:20:00,20221230,568735919,124.8125,124.8125,0,0,0.0006318511054925586,1083,696,-387,0.6691544418347678840492209841,124.86695369726164,124.93174560981309,0,0,
141,13:30:00,20221230,568735919,124.8125,124.78125,-0.03125,-0.0002503755633450175,0.0006291646580126463,696,222,-474,0.6692381040947950164830657125,124.8498129578093,124.92422082932244,0,0,
142,13:40:00,20221230,568735919,124.78125,124.84375,0.0625,0.0005008765339343851,0.0006282675382638473,222,116,-106,0.6678971206918767120144951654,124.84860036624744,124.92019728785631,0,0,
143,13:50:00,20221230,568735919,124.84375,124.71875,-0.125,-0.0010012515644555694,0.0006308577051124009,116,1730,1614,0.7598825094610183727787623206,124.82263029299796,124.9101249234635,0,1,
144,14:00:00,20221230,568735919,124.71875,124.75,0.03125,0.00025056376847907793,0.0006282349883080332,1730,720,-1010,0.7586682509744026192012966686,124.80810423439837,124.90211867729032,0,0,
145,14:10:00,20221230,568735919,124.75,124.75,0,0,0.0006239320089360603,720,653,-67,0.7541092599098899680804354281,124.7964833875187,124.89451274342579,0,0,
146,14:20:00,20221230,568735919,124.75,124.71875,-0.03125,-0.000250501002004008,0.000621391661950128,653,874,221,0.7512815641183974516033019017,124.78093671001497,124.88572460625451,0,0,
147,14:30:00,20221230,568735919,124.71875,124.6875,-0.03125,-0.00025056376847907793,0.0006188860680753236,874,675,-199,0.7477437750850660815997357731,124.76224936801198,124.87581337594179,0,0,
148,14:40:00,20221230,568735919,124.6875,124.71875,0.03125,0.0002506265664160401,0.0006164145277957311,675,342,-333,0.7460363224558598215442565621,124.75354949440958,124.8679602071447,0,0,
149,14:50:00,20221230,568735919,124.71875,124.6875,-0.03125,-0.00025056376847907793,0.0006139755227336201,342,1403,1061,0.7617450081813977541179771129,124.74033959552767,124.85893719678747,0,1,
150,15:00:00,20221230,568735919,124.6875,124.65625,-0.03125,-0.0002506265664160401,0.0006115692382546957,1403,466,-937,0.7611232173808025251194379282,124.72352167642214,124.84880283694808,0,0,
151,15:10:00,20221230,568735919,124.65625,124.71875,0.0625,0.000501378791677112,0.0006108443011061589,466,425,-41,0.7566946622178895200270268982,124.7225673411377,124.84230019510068,0,0,
152,15:20:00,20221230,568735919,124.71875,124.71875,0,0,0.0006068518546937004,425,602,177,0.7544709754598333409265042310,124.72180387291016,124.83612268534564,0,0,
153,15:30:00,20221230,568735919,124.71875,124.71875,0,0,0.0006029112582346504,602,248,-354,0.7533902539770398422938322335,124.72119309832811,124.83025405107837,0,0,
154,15:40:00,20221230,568735919,124.71875,124.71875,0,0,0.0005990215081815236,248,341,93,0.7509490265320266820209687997,124.7207044786625,124.82467884852446,0,0,
155,15:50:00,20221230,568735919,124.71875,124.75,0.03125,0.00025056376847907793,0.0005967878047218925,341,914,573,0.7569067372988621377212253912,124.72656358293,124.82094490609823,0,1,
156,09:30:00,20230103,568735919,124.75,126.40625,1.65625,0.013276553106212424,0.0006775506410371189,914,7348,6434,0.7969225371156459256912514542,125.062500866344,124.90021016079332,1,1,BUY
157,09:40:00,20230103,568735919,126.40625,126.5625,0.15625,0.0012360939431396785,0.0006810857252276414,7348,4778,-2570,0.7940923630540518242549014996,125.36250069307519,124.98332465275365,0,0,
158,09:50:00,20230103,568735919,126.5625,126.375,-0.1875,-0.0014814814814814814,0.000686119660801565,4778,8951,4173,0.7945910147481736514762462909,125.56500055446014,125.05290842011597,0,0,
159,10:00:00,20230103,568735919,126.375,126.09375,-0.28125,-0.002225519287833828,0.0006957409084705166,8951,6888,-2063,0.7910653024164433264047711201,125.67075044356811,125.10495049911017,0,0,
160,10:10:00,20230103,568735919,126.09375,126.21875,0.125,0.0009913258983890955,0.0006975768400849177,6888,5938,-950,0.7870085056440887935126803984,125.78035035485448,125.16064047415466,0,0,
161,10:20:00,20230103,568735919,126.21875,126.28125,0.0625,0.0004951720722951226,0.0006963274279380672,5938,3531,-2407,0.7846526218962722621371514800,125.88053028388359,125.21667095044694,0,0,
162,10:30:00,20230103,568735919,126.28125,126.21875,-0.0625,-0.0004949269982677555,0.0006950918424799671,3531,4410,879,0.7813660289883806563986594873,125.94817422710688,125.26677490292458,0,0,
163,10:40:00,20230103,568735919,126.21875,125.90625,-0.3125,-0.0024758603614756128,0.0007059501871079894,4410,7402,2992,0.7807385413109309043181356109,125.9397893816855,125.29874865777835,0,0,
164,10:50:00,20230103,568735919,125.90625,126.09375,0.1875,0.0014892032762472078,0.000710697175527015,7402,3821,-3581,0.7789388420627477674478689018,125.9705815053484,125.33849872488943,0,0,
165,11:00:00,20230103,568735919,126.09375,126.25,0.15625,0.0012391573729863693,0.0007138806706924328,3821,2859,-962,0.7757631053832029576626642669,126.02646520427872,125.38407378864497,0,0,
166,11:10:00,20230103,568735919,126.25,126.28125,0.03125,0.00024752475247524753,0.0007110881202839467,2859,3905,1046,0.7733086088813680602885613560,126.07742216342297,125.42893259921273,0,0,
167,11:20:00,20230103,568735919,126.28125,126.28125,0,0,0.0007068554529013042,3905,2048,-1857,0.7715362015316916041648084871,126.11818773073838,125.4715484692521,0,0,
168,11:30:00,20230103,568735919,126.28125,126.34375,0.0625,0.0004949269982677555,0.0007056014383768453,2048,1595,-453,0.7682797234531017130159042949,126.16330018459071,125.5151585457895,0,0,
169,11:40:00,20230103,568735919,126.34375,126.5625,0.21875,0.0017313875834776156,0.0007116354745244969,1595,2982,1387,0.7688756808239012806638468826,126.24314014767256,125.56752561850003,0,0,
170,11:50:00,20230103,568735919,126.5625,126.5625,0,0,0.0007074738635623653,2982,3233,251,0.7648715639585436894657036540,126.30701211813805,125.61727433757503,0,0,
171,12:00:00,20230103,568735919,126.5625,126.40625,-0.15625,-0.0012345679012345679,0.0007105383637813897,3233,2638,-595,0.7614946338873340495099374999,126.32685969451043,125.65672312069627,0,0,
172,12:10:00,20230103,568735919,126.40625,126.40625,0,0,0.0007064312056092429,2638,1305,-1333,0.7600137808058815845960571844,126.34273775560834,125.69419946466145,0,0,
173,12:20:00,20230103,568735919,126.40625,126.53125,0.125,0.000988875154511743,0.0007080544466948895,1305,1951,646,0.7584908231983082571292061930,126.38044020448666,125.73605199142837,0,0,
174,12:30:00,20230103,568735919,126.53125,126.4375,-0.09375,-0.0007409236848604594,0.0007082422709129785,1951,1745,-206,0.7547599435144541181245665759,126.39185216358933,125.77112439185696,0,0,
175,12:40:00,20230103,568735919,126.4375,126.28125,-0.15625,-0.001235788433020267,0.000711239692288588,1745,1774,29,0.7505659603761605441595777485,126.36973173087148,125.79663067226411,0,0,
176,12:50:00,20230103,568735919,126.28125,126.25,-0.03125,-0.00024746349913387774,0.0007086194878074879,1774,2146,372,0.7475101956461071399807642181,126.34578538469718,125.8192991386509,0,0,
177,13:00:00,20230103,568735919,126.25,126.4375,0.1875,0.0014851485148514852,0.0007129820104313306,2146,2016,-130,0.7436510249919071496082951353,126.36412830775774,125.85020918171837,0,0,
178,13:10:00,20230103,568735919,126.4375,126.34375,-0.09375,-0.0007414730598121602,0.0007131411783049665,2016,1949,-67,0.7396822155058301654435950738,126.36005264620619,125.87488622263245,0,0,
179,13:20:00,20230103,568735919,126.34375,126.5,0.15625,0.0012367054167697256,0.0007160498685186596,1949,1842,-107,0.7358778695790846463955089704,126.38804211696494,125.90614191150084,0,0,
180,13:30:00,20230103,568735919,126.5,126.40625,-0.09375,-0.0007411067193675889,0.0007161883041587089,1842,2430,588,0.7335758826810916112047766787,126.39168369357195,125.9311473159258,0,0,
181,13:40:00,20230103,568735919,126.40625,126.28125,-0.125,-0.000988875154511743,0.0007176865835562531,2430,3321,891,0.7315598979777156499710507995,126.36959695485757,125.94865245012952,0,0,
182,13:50:00,20230103,568735919,126.28125,126.25,-0.03125,-0.00024746349913387774,0.0007151170585047646,3321,7049,3728,0.7336964747524641971800620761,126.34567756388606,125.96371982762304,0,1,
183,14:00:00,20230103,568735919,126.25,126.28125,0.03125,0.00024752475247524753,0.0007125757959719956,7049,2411,-4638,0.7332848942858160447086027745,126.33279205110884,125.9795963362419,0,0,
184,14:10:00,20230103,568735919,126.28125,126.21875,-0.0625,-0.0004949269982677555,0.0007113993159844051,2411,1741,-670,0.7308233164273002276005452425,126.30998364088708,125.9915540194298,0,0,
185,14:20:00,20230103,568735919,126.21875,126.28125,0.0625,0.0004951720722951226,0.0007102368039215595,1741,1481,-260,0.7276970591351126648469289508,126.30423691270965,126.00603881845831,0,0,
186,14:30:00,20230103,568735919,126.28125,126.1875,-0.09375,-0.0007423904974016332,0.0007104087488064797,1481,3315,1834,0.7304278367041814691429195130,126.28088953016773,126.01511187753539,0,1,
187,14:40:00,20230103,568735919,126.1875,126.21875,0.03125,0.00024764735017335313,0.0007079472520052396,3315,1961,-1354,0.7287151697829107115128550443,126.26846162413418,126.02529378365861,0,0,
188,14:50:00,20230103,568735919,126.21875,126.34375,0.125,0.0009903441445902451,0.0007094414154580703,1961,5545,3584,0.7345295813698499744812770816,126.28351929930734,126.04121659447569,0,1,
189,15:00:00,20230103,568735919,126.34375,126.59375,0.25,0.001978728666831561,0.0007161218746758255,5545,8765,3220,0.7337199695538983650574256446,126.34556543944586,126.0688432647519,0,0,
190,15:10:00,20230103,568735919,126.59375,126.53125,-0.0625,-0.0004937052579609973,0.0007149573897715593,8765,4625,-4140,0.7323514521383445236727368175,126.3827023515567,126.09196360151431,0,0,
191,15:20:00,20230103,568735919,126.53125,126.5625,0.03125,0.0002469745616201531,0.0007125199792082708,4625,3117,-1508,0.7302353198566555108101395114,126.41866188124536,126.1154904214386,0,0,
192,15:30:00,20230103,568735919,126.5625,126.59375,0.03125,0.0002469135802469136,0.00071010751081987,3117,2673,-444,0.7271897723875811962503458928,126.45367950499627,126.13940340036667,0,0,
193,15:40:00,20230103,568735919,126.59375,126.75,0.15625,0.0012342631449024932,0.0007128093439852444,2673,3657,984,0.7253389266611453900447674382,126.51294360399703,126.16993323034835,0,0,
194,15:50:00,20230103,568735919,126.75,126.8125,0.0625,0.0004930966469428008,0.0007116826122055396,3657,3484,-173,0.7218618374752499752920365119,126.57285488319762,126.20206156883093,0,0,
195,09:30:00,20230104,568735919,126.8125,127.46875,0.65625,0.005174963035978314,0.0007344544511023395,3484,6983,3499,0.7233028760396438064005479355,126.7520339065581,126.26539599038938,0,0,
196,09:40:00,20230104,568735919,127.46875,127.4375,-0.03125,-0.00024515812699190976,0.0007319707134164997,6983,3328,-3655,0.7222882117218881890963806531,126.88912712524647,126.32400119086991,0,0,
197,09:50:00,20230104,568735919,127.4375,127.6875,0.25,0.00196174595389897,0.0007381816994795425,3328,4374,1046,0.7202276797668048377139980002,127.04880170019717,126.39217613132642,0,0,
198,10:00:00,20230104,568735919,127.6875,127.6875,0,0,0.0007344722437032634,4374,6291,1917,0.7188108150691740174487933449,127.17654136015773,126.4569423247601,0,0,
199,10:10:00,20230104,568735919,127.6875,127.4375,-0.25,-0.0019579050416054823,0.0007405894076927746,6291,5616,-675,0.7157532416805234263315064597,127.22873308812618,126.5059702085221,0,0,
200,10:20:00,20230104,568735919,127.4375,127.5,0.0625,0.0004904364884747426,0.0007393448658061176,5616,4165,-1451,0.7134776979202668215683938353,127.28298647050094,126.55567169809599,0,0,
201,10:30:00,20230104,568735919,127.5,127.65625,0.15625,0.0012254901960784314,0.0007417515258569706,4165,3908,-257,0.7102510988309226744301337467,127.35763917640075,126.6107006131912,0,0,
202,10:40:00,20230104,568735919,127.65625,127.71875,0.0625,0.0004895960832313342,0.0007405093808194059,3908,4106,198,0.7070019077132566945635559516,127.4298613411206,126.66610308253163,0,0,
203,10:50:00,20230104,568735919,127.71875,127.46875,-0.25,-0.0019574259848299485,0.0007464746582900459,4106,5890,1784,0.7056660459983695471228451306,127.43763907289647,126.70623542840505,0,0,
204,11:00:00,20230104,568735919,127.46875,127.40625,-0.0625,-0.0004903162539838195,0.0007452251050983082,5890,3714,-2176,0.7040259176196123342920417368,127.43136125831718,126.7412361569848,0,0,
205,11:10:00,20230104,568735919,127.40625,127.28125,-0.125,-0.0009811135638950208,0.0007463701947041174,3714,3600,-114,0.7007573193244718788524290367,127.40133900665374,126.76823684913556,0,0,
206,11:20:00,20230104,568735919,127.28125,127.3125,0.03125,0.00024551927326295114,0.0007439506250353195,3600,2210,-1390,0.6992372893331029862546448921,127.383571205323,126.79545000667878,0,0,
207,11:30:00,20230104,568735919,127.3125,127.375,0.0625,0.0004909180166912126,0.0007427341221105881,2210,2640,430,0.6968110049408602138920823155,127.38185696425839,126.82442750634485,0,0,
208,11:40:00,20230104,568735919,127.375,127.40625,0.03125,0.0002453385672227674,0.0007403542390728474,2640,4171,1531,0.6962517381345606072430408893,127.38673557140672,126.8535186310276,0,0,
209,11:50:00,20230104,568735919,127.40625,127.3125,-0.09375,-0.0007358351729212656,0.0007403327197102208,4171,3021,-1150,0.6942491739444506047395750954,127.37188845712538,126.87646769947621,0,0,
210,12:00:00,20230104,568735919,127.3125,127.25,-0.0625,-0.0004909180166912126,0.0007391506595063392,3021,2659,-362,0.6915267981037930507817063122,127.3475107657003,126.89514431450239,0,0,
211,12:10:00,20230104,568735919,127.25,127.375,0.125,0.0009823182711198428,0.000740297676542252,2659,2776,117,0.6884724335104965467015290625,127.35300861256025,126.91913709877727,0,0,
212,12:20:00,20230104,568735919,127.375,127.34375,-0.03125,-0.0002453385672227674,0.0007379739248553061,2776,2658,-118,0.6854397329053343610768530253,127.3511568900482,126.94036774383841,0,0,
213,12:30:00,20230104,568735919,127.34375,127.28125,-0.0625,-0.00049079754601227,0.0007368188950476283,2658,2180,-478,0.6830770914525127280386219835,127.33717551203856,126.95741185664649,0,0,
214,12:40:00,20230104,568735919,127.28125,127.46875,0.1875,0.0014731156395777069,0.0007402435310686985,2180,3104,924,0.6818713989853344098241474882,127.36349040963086,126.98297876381416,0,0,
215,12:50:00,20230104,568735919,127.46875,127.46875,0,0,0.0007368164776841212,3104,3566,462,0.6794036619816317829745416126,127.38454232770468,127.00726732562345,0,0,
216,13:00:00,20230104,568735919,127.46875,127.21875,-0.25,-0.001961265015935278,0.000742459097676062,3566,6239,2673,0.6797270522979752069944231675,127.35138386216374,127.01784145934228,0,0,
217,13:10:00,20230104,568735919,127.21875,127.4375,0.21875,0.0017194792434291329,0.0007469408414639201,6239,3265,-2974,0.6787956390074373890098615639,127.36860708973099,127.03882438637517,0,0,
218,13:20:00,20230104,568735919,127.4375,127.5625,0.125,0.000980872976949485,0.0007480090247309775,3265,2882,-383,0.6762317536572667217346691635,127.4073856717848,127.0650081670564,0,0,
219,13:30:00,20230104,568735919,127.5625,127.625,0.0625,0.0004899559039686428,0.0007468360560002396,2882,3335,453,0.6738724389231170739332066114,127.45090853742784,127.09300775870358,0,0,
220,13:40:00,20230104,568735919,127.625,127.4375,-0.1875,-0.0014691478942213516,0.0007501044353587061,3335,3157,-178,0.6710647505720773058875001741,127.44822682994227,127.1102323707684,0,0,
221,13:50:00,20230104,568735919,127.4375,127.46875,0.03125,0.0002452182442373713,0.000747830173236538,3157,4740,1583,0.6703006093706914993504941243,127.45233146395381,127.12815825222998,0,0,
222,14:00:00,20230104,568735919,127.46875,127.46875,0,0,0.000744476674701845,4740,3784,-956,0.6681992064753658880026281027,127.45561517116306,127.14518783961847,0,0,
223,14:10:00,20230104,568735919,127.46875,127.625,0.15625,0.001225790634959549,0.0007466253977387097,3784,3069,-715,0.6660597166624048484278655395,127.48949213693044,127.16917844763755,0,0,
224,14:20:00,20230104,568735919,127.625,127.625,0,0,0.0007433070626376488,3069,4094,1025,0.6645838290834802324040791171,127.51659370954434,127.19196952525567,0,0,
225,14:30:00,20230104,568735919,127.625,127.59375,-0.03125,-0.0002448579823702253,0.0007411015357338106,4094,4205,111,0.6617631610258999961945362291,127.53202496763546,127.21205854899289,0,0,
226,14:40:00,20230104,568735919,127.59375,127.625,0.03125,0.0002449179524859172,0.0007389157049706041,4205,5102,897,0.6597876293878627220411547137,127.55061997410837,127.23270562154323,0,0,
227,14:50:00,20230104,568735919,127.625,127.5625,-0.0625,-0.0004897159647404506,0.0007378227236538051,5102,7230,2128,0.6587231719639277708284775632,127.5529959792867,127.24919534046607,0,0,
228,15:00:00,20230104,568735919,127.5625,127.6875,0.125,0.0009799118079372856,0.0007388798812270954,7230,6781,-449,0.6561178408693864686468291110,127.57989678342938,127.27111057344277,0,0,
229,15:10:00,20230104,568735919,127.6875,127.59375,-0.09375,-0.0007342143906020558,0.0007388595964852474,6781,3592,-3189,0.6553098703385969162248481615,127.5826674267435,127.28724254477063,0,0,
230,15:20:00,20230104,568735919,127.59375,127.5,-0.09375,-0.0007347538574577516,0.0007388418227232236,3592,3634,42,0.6525236486069756123616701823,127.5661339413948,127.2978804175321,0,0,
231,15:30:00,20230104,568735919,127.5,127.46875,-0.03125,-0.00024509803921568627,0.000736713616759829,3634,1643,-1991,0.6520726032368152621072218810,127.54665715311583,127.30642389665549,0,0,
232,15:40:00,20230104,568735919,127.46875,127.5625,0.09375,0.0007354743809757293,0.0007367082981513136,1643,1599,-44,0.6493889451970677901279257501,127.54982572249267,127.31922770182271,0,0,
233,15:50:00,20230104,568735919,127.5625,127.625,0.0625,0.0004899559039686428,0.0007356538007402766,1599,1767,168,0.6470627773374276534067523851,127.56486057799412,127.33451631673157,0,0,
234,09:30:00,20230105,568735919,127.625,126.78125,-0.84375,-0.006611165523996082,0.000760655978286046,1767,2344,577,0.6456988598247418061031852585,127.4081384623953,127.30685300089499,0,0,
235,09:40:00,20230105,568735919,126.78125,127.125,0.34375,0.0027113630761646536,0.0007689216863279044,2344,4159,1815,0.6462438536650748692548565537,127.35151076991623,127.29776035085024,0,0,
236,09:50:00,20230105,568735919,127.125,127,-0.125,-0.0009832841691248771,0.0007698261693776806,4159,5444,1285,0.6448207509156178466814420296,127.281208615933,127.28287233330772,-1,0,
237,10:00:00,20230105,568735919,127,127.15625,0.15625,0.0012303149606299212,0.0007717609962316817,5444,3496,-1948,0.6436148869562325828512953795,127.25621689274641,127.27654121664233,0,0,
238,10:10:00,20230105,568735919,127.15625,127.28125,0.125,0.0009830425165888424,0.0007726450193294104,3496,4918,1422,0.6426238228772624877879017956,127.26122351419713,127.27677665581021,0,0,
239,10:20:00,20230105,568735919,127.28125,127.375,0.09375,0.0007365578197888534,0.0007724946559979915,4918,2609,-2309,0.6419024727680460236807605957,127.28397881135771,127.28168782301971,1,0,
240,10:30:00,20230105,568735919,127.375,127.34375,-0.03125,-0.0002453385672227674,0.0007703072863350237,2609,5295,2686,0.6435108161319016971064811634,127.29593304908617,127.28479093186873,0,1,
241,10:40:00,20230105,568735919,127.34375,127.46875,0.125,0.00098159509202454,0.0007711803764411788,5295,4757,-538,0.6412715370900655508230086704,127.33049643926893,127.29398888527528,0,0,
242,10:50:00,20230105,568735919,127.46875,127.53125,0.0625,0.0004903162539838195,0.0007700245570071979,4757,4948,191,0.6387977914884462418512053221,127.37064715141514,127.30585194101153,0,0,
243,11:00:00,20230105,568735919,127.53125,127.5625,0.03125,0.0002450379808870375,0.0007678729726788365,4948,4191,-757,0.6368067804885681390868165279,127.40901772113212,127.31868434396095,0,0,
244,11:10:00,20230105,568735919,127.5625,127.5625,0,0,0.0007647387972801474,4191,2250,-1941,0.6360979172617043648466684476,127.4397141769057,127.3308751267629,0,0,
245,11:20:00,20230105,568735919,127.5625,127.65625,0.09375,0.0007349338559529642,0.0007646176389820695,2250,4184,1934,0.6370062816450127030202818098,127.48302134152456,127.34714387042476,0,0,
246,11:30:00,20230105,568735919,127.65625,127.625,-0.03125,-0.0002447980416156671,0.0007625131061992096,4184,2349,-1835,0.6362029182610758884447667775,127.51141707321966,127.36103667690351,0,0,
247,11:40:00,20230105,568735919,127.625,127.59375,-0.03125,-0.0002448579823702253,0.0007604257871515121,2349,3068,719,0.6348718084974920929004089225,127.52788365857573,127.37267234305834,0,0,
248,11:50:00,20230105,568735919,127.59375,127.625,0.03125,0.0002449179524859172,0.0007583554745624936,3068,1787,-1281,0.6339989733387733774374901620,127.54730692686059,127.38528872590541,0,0,
249,12:00:00,20230105,568735919,127.625,127.625,0,0,0.0007553220526642436,1787,2137,350,0.6322464133715514680351828427,127.56284554148846,127.39727428961014,0,0,
250,12:10:00,20230105,568735919,127.625,127.5,-0.125,-0.0009794319294809011,0.0007562149206993698,2137,1972,-165,0.6300351170773180032286323750,127.55027643319076,127.40241057512964,0,0,
251,12:20:00,20230105,568735919,127.5,127.59375,0.09375,0.0007352941176470588,0.0007561319016396383,1972,7182,5210,0.6380190564127834256859578220,127.55897114655261,127.41197754637315,0,1,
252,12:30:00,20230105,568735919,127.59375,127.53125,-0.0625,-0.0004898359049718344,0.0007550793482931253,7182,2627,-4555,0.6380040579685191579881248838,127.55342691724209,127.4179411690545,0,0,
253,12:40:00,20230105,568735919,127.53125,127.5625,0.03125,0.0002450379808870375,0.0007530713114135738,2627,1163,-1464,0.6376862848428566708721445522,127.55524153379368,127.42516911060177,0,0,
254,12:50:00,20230105,568735919,127.5625,127.59375,0.03125,0.0002449779519843214,0.0007510787884354198,1163,2112,949,0.6383855273385245942338888440,127.56294322703494,127.43359815507169,0,0,
255,13:00:00,20230105,568735919,127.59375,127.5625,-0.03125,-0.0002449179524859172,0.000749101597669992,2112,1523,-589,0.6369812189339115128406930187,127.56285458162795,127.4400432473181,0,0,
256,13:10:00,20230105,568735919,127.5625,127.53125,-0.03125,-0.0002449779519843214,0.0007471400270642112,1523,2118,595,0.6360228340228171715113579324,127.55653366530237,127.4446035849522,0,0,
257,13:20:00,20230105,568735919,127.53125,127.59375,0.0625,0.000490075961774075,0.0007461436547181254,2118,1216,-902,0.6352083015868121522060657962,127.56397693224189,127.4520609057046,0,0,
258,13:30:00,20230105,568735919,127.59375,127.53125,-0.0625,-0.0004898359049718344,0.0007451540495067498,1216,1558,342,0.6338416672177511014253473954,127.55743154579352,127.45602036041937,0,0,
259,13:40:00,20230105,568735919,127.53125,127.5625,0.03125,0.0002450379808870375,0.0007432305261659047,1558,1616,58,0.6315469962452882392351116611,127.55844523663482,127.4613443423984,0,0,
260,13:50:00,20230105,568735919,127.5625,127.5,-0.0625,-0.0004899559039686428,0.0007422601253145742,1616,3835,2219,0.6343883624066336315888635568,127.54675618930786,127.46327712527848,0,1,
261,14:00:00,20230105,568735919,127.5,127.5,0,0,0.0007394270714011598,3835,2979,-856,0.6328189690431480179885935530,127.53740495144629,127.46511326901455,0,0,
262,14:10:00,20230105,568735919,127.5,127.53125,0.03125,0.00024509803921568627,0.0007375474933320136,2979,1809,-1170,0.6319061564031093979071003883,127.53617396115703,127.46842010556384,0,0,
263,14:20:00,20230105,568735919,127.53125,127.59375,0.0625,0.000490075961774075,0.0007366101011670213,1809,1821,12,0.6295376993681385767167266162,127.54768916892563,127.47468660028565,0,0,
264,14:30:00,20230105,568735919,127.59375,127.59375,0,0,0.0007338304404079005,1821,2655,834,0.6288903499943767408019769780,127.5569013351405,127.48063977027137,0,0,
265,14:40:00,20230105,568735919,127.59375,127.59375,0,0,0.0007310716793537354,2655,3128,473,0.6271958540380522144481981115,127.56427106811239,127.4862952817578,0,0,
266,14:50:00,20230105,568735919,127.59375,127.65625,0.0625,0.0004898359049718344,0.0007301681745807694,3128,3107,-21,0.6248719502962887689866499304,127.58266685448991,127.49479301766992,0,0,
267,15:00:00,20230105,568735919,127.65625,127.625,-0.03125,-0.0002447980416156671,0.0007283570919950788,3107,2795,-312,0.6229150341013094862821628054,127.59113348359193,127.50130336678642,0,0,
268,15:10:00,20230105,568735919,127.625,127.5625,-0.0625,-0.0004897159647404506,0.0007274699502580728,2795,1440,-1355,0.6224015740321297109077107567,127.58540678687355,127.5043631984471,0,0,
269,15:20:00,20230105,568735919,127.5625,127.5,-0.0625,-0.0004899559039686428,0.0007265902686051489,1440,531,-909,0.6224343459801588601265710872,127.56832542949884,127.50414503852474,0,0,
270,15:30:00,20230105,568735919,127.5,127.5,0,0,0.0007239091237025469,531,1259,728,0.6251965739166188961601830201,127.55466034359907,127.5039377865985,0,1,
271,15:40:00,20230105,568735919,127.5,127.5625,0.0625,0.0004901960784313725,0.0007230498845655206,1259,823,-436,0.6241712431027113154756245750,127.55622827487926,127.50686589726857,0,0,
272,15:50:00,20230105,568735919,127.5625,127.46875,-0.09375,-0.0007349338559529642,0.0007230934155962438,823,1857,1034,0.6264870228014213354924644264,127.53873261990341,127.50496010240514,0,1,
273,09:30:00,20230106,568735919,127.46875,129.03125,1.5625,0.012257906349595489,0.0007651912730195987,1857,10843,8986,0.6418611125518974597254720904,127.83723609592272,127.58127459728487,0,1,
274,09:40:00,20230106,568735919,129.03125,129.25,0.21875,0.0016953257447323807,0.0007685735801894634,10843,10795,-48,0.6395431696667850791679936019,128.11978887673817,127.66471086742064,0,0,
275,09:50:00,20230106,568735919,129.25,129.25,0,0,0.0007657888933047189,10795,13173,2378,0.6380241261896811646713403973,128.34583110139053,127.74397532404961,0,0,
276,10:00:00,20230106,568735919,129.25,129.375,0.125,0.0009671179883945841,0.0007665157131425884,13173,9253,-3920,0.6367950801746272158513424946,128.55166488111243,127.82552655784713,0,0,
277,10:10:00,20230106,568735919,129.375,129.3125,-0.0625,-0.0004830917874396135,0.0007654962026184771,9253,9021,-232,0.6345946408549837225770350088,128.70383190488994,127.89987522995477,0,0,
278,10:20:00,20230106,568735919,129.3125,129.34375,0.03125,0.0002416626389560174,0.0007636186629637729,9021,3808,-5213,0.6343913405290008970944126478,128.83181552391196,127.97206896845702,0,0,
279,10:30:00,20230106,568735919,129.34375,129.25,-0.09375,-0.000724812756704518,0.0007634800704414185,3808,4656,848,0.6329209752972196513935052317,128.91545241912956,128.03596552003418,0,0,
280,10:40:00,20230106,568735919,129.25,129.09375,-0.15625,-0.0012088974854932303,0.0007650651857974747,4656,6836,2180,0.6323348261268353963574226349,128.95111193530366,128.08885474403246,0,0,
281,10:50:00,20230106,568735919,129.09375,129.21875,0.125,0.0009682885499878964,0.0007657858360251003,6836,6060,-776,0.6304950454541124284811090110,129.00463954824292,128.14534950683083,0,0,
282,11:00:00,20230106,568735919,129.21875,129.1875,-0.03125,-0.0002418379685610641,0.0007639344301330012,6060,1959,-4101,0.6306584292979753765524593937,129.04121163859435,128.19745703148928,0,0,
283,11:10:00,20230106,568735919,129.1875,129.15625,-0.03125,-0.00024189646831156264,0.0007620962682956017,1959,2704,745,0.6297768716927824177946383799,129.06421931087547,128.24539667991482,0,0,
284,11:20:00,20230106,568735919,129.15625,129.21875,0.0625,0.0004839099927413501,0.0007611201761006745,2704,2528,-176,0.6277955098882338819572607429,129.09512544870037,128.29406434591908,0,0,
285,11:30:00,20230106,568735919,129.21875,129.15625,-0.0625,-0.0004836759371221282,0.0007601500913490013,2528,2292,-236,0.6259268347850573538225956283,129.1073503589603,128.33717362862313,0,0,
286,11:40:00,20230106,568735919,129.15625,128.96875,-0.1875,-0.0014517299782240503,0.0007625597773659876,2292,4731,2439,0.6274536964257172594252350328,129.07963028716824,128.36875244719198,0,1,
287,11:50:00,20230106,568735919,128.96875,129.21875,0.25,0.001938454082868912,0.0007666427437045394,4731,4402,-329,0.6255165006853067369593915515,129.1074542297346,128.4112523248324,0,0,
288,12:00:00,20230106,568735919,129.21875,129.03125,-0.1875,-0.0014510278113663846,0.0007690108581255146,4402,2831,-1571,0.6245869738140538774883935924,129.09221338378768,128.44225220859076,0,0,
289,12:10:00,20230106,568735919,129.03125,129.09375,0.0625,0.0004843787842092516,0.0007680293682154586,2831,2581,-250,0.6227377360366539255679443272,129.09252070703013,128.47482709816123,0,0,
290,12:20:00,20230106,568735919,129.09375,129.21875,0.125,0.0009682885499878964,0.0007687175440978381,2581,3479,898,0.6217933697960313961640785618,129.1177665656241,128.51202324325317,0,0,
291,12:30:00,20230106,568735919,129.21875,129.3125,0.09375,0.0007255139056831923,0.0007685695864320345,3479,3139,-340,0.6199986295999425408922766847,129.1567132524993,128.5520470810905,0,0,
292,12:40:00,20230106,568735919,129.3125,129.375,0.0625,0.0004833252779120348,0.0007675960563688263,3139,2733,-406,0.6183240286604091580125081702,129.20037060199942,128.59319472703598,0,0,
293,12:50:00,20230106,568735919,129.375,129.46875,0.09375,0.0007246376811594203,0.0007674499394463454,2733,4273,1540,0.6181374957453337777037495301,129.25404648159954,128.63697249068417,0,0,
294,13:00:00,20230106,568735919,129.46875,129.28125,-0.1875,-0.001448225923244026,0.0007697576546456595,4273,3365,-908,0.6167624434704506437708336478,129.25948718527962,128.66918636614997,0,0,
295,13:10:00,20230106,568735919,129.28125,129.375,0.09375,0.0007251631617113851,0.0007696069975749357,3365,3206,-159,0.6148384187101216746367739160,129.2825897482237,128.7044770478425,0,0,
296,13:20:00,20230106,568735919,129.375,129.3125,-0.0625,-0.0004830917874396135,0.0007686422998977124,3206,2591,-615,0.6134141406095225768919252451,129.28857179857897,128.73487819545036,0,0,
297,13:30:00,20230106,568735919,129.3125,129.34375,0.03125,0.0002416626389560174,0.0007668739117737469,2591,1749,-842,0.6124462107875014959214945877,129.29960743886318,128.76532178567786,0,0,
298,13:40:00,20230106,568735919,129.34375,129.3125,-0.03125,-0.00024160425223483932,0.00076511715705957,1749,2538,789,0.6119066412625032836293932359,129.30218595109054,128.79268069639394,0,0,
299,13:50:00,20230106,568735919,129.3125,129.1875,-0.125,-0.0009666505558240696,0.0007657889350554517,2538,14033,11495,0.6249641418462644691641300365,129.27924876087243,128.81242166157423,0,1,
300,14:00:00,20230106,568735919,129.1875,129.28125,0.09375,0.000725689404934688,0.0007656557140251502,14033,7155,-6878,0.6245161892384630127263076949,129.27964900869793,128.83586307849552,0,0,
301,14:10:00,20230106,568735919,129.28125,129.28125,0,0,0.0007631204302038749,7155,3298,-3857,0.6242332336181163821312730868,129.27996920695833,128.85813242457075,0,0,
302,14:20:00,20230106,568735919,129.28125,129.46875,0.1875,0.0014503263234227702,0.000765388436452122,3298,3900,602,0.6227754832418782101535879024,129.31772536556667,128.8886633033422,0,0,
303,14:30:00,20230106,568735919,129.46875,129.375,-0.09375,-0.000724112961622013,0.000765252661863865,3900,3250,-650,0.6212751252926176458658019773,129.32918029245334,128.9129801381751,0,0,
304,14:40:00,20230106,568735919,129.375,129.34375,-0.03125,-0.00024154589371980676,0.000763535590492901,3250,2011,-1239,0.6204880946170050281113869897,129.33209423396266,128.93451863126634,0,0,
305,14:50:00,20230106,568735919,129.34375,129.34375,0,0,0.0007610403761448849,2011,3610,1599,0.6210588093489291235090332697,129.33442538717014,128.95498019970302,0,0,
306,15:00:00,20230106,568735919,129.34375,129.25,-0.09375,-0.000724812756704518,0.0007609223708698349,3610,2866,-744,0.6197071330410351679423684587,129.3175403097361,128.96973118971786,0,0,
307,15:10:00,20230106,568735919,129.25,129.1875,-0.0625,-0.00048355899419729207,0.0007600218404260928,2866,1917,-949,0.6187701732490090774690597747,129.2915322477889,128.98061963023196,0,0,
308,15:20:00,20230106,568735919,129.1875,129.25,0.0625,0.0004837929366231253,0.0007591278957535913,1917,1123,-794,0.6181080977262745755732169452,129.28322579823111,128.99408864872035,0,0,
309,15:30:00,20230106,568735919,129.25,129.25,0,0,0.00075667909608987,1123,1006,-117,0.6164502819857563601124157427,129.2765806385849,129.00688421628433,0,0,
310,15:40:00,20230106,568735919,129.25,129.28125,0.03125,0.00024177949709864604,0.000755023470369641,1006,1566,560,0.6162580304030414888951115606,129.27751451086792,129.02060250547012,0,0,
311,15:50:00,20230106,568735919,129.28125,129.3125,0.03125,0.00024172105390379503,0.0007533782703168659,1566,948,-618,0.6155477034316396587963589312,129.28451160869434,129.03519738019662,0,0,
312,09:30:00,20230109,568735919,129.3125,128.875,-0.4375,-0.0033832769453842437,0.0007617805025055796,948,4915,3967,0.6269504237277626741353980778,129.20260928695546,129.02718751118678,0,1,
313,09:40:00,20230109,568735919,128.875,129.03125,0.15625,0.0012124151309408342,0.0007632156446343543,4915,4381,-534,0.6252997758782561242242490011,129.16833742956436,129.02739063562746,0,0,
314,09:50:00,20230109,568735919,129.03125,129.3125,0.28125,0.0021797045289416324,0.0007677124347432663,4381,6379,1998,0.6247625075745618599733340220,129.1971699436515,129.0416461038461,0,0,
315,10:00:00,20230109,568735919,129.3125,129.5625,0.25,0.0019333011116481392,0.0007714010065056234,6379,13371,6992,0.6262540710533132762577949521,129.2702359549212,129.0676887986538,0,1,
316,10:10:00,20230109,568735919,129.5625,129.6875,0.125,0.000964785335262904,0.0007720110517067505,13371,11947,-1424,0.6246144655923555012584041201,129.35368876393696,129.09867935872109,0,0,
317,10:20:00,20230109,568735919,129.6875,129.84375,0.15625,0.0012048192771084338,0.0007733720838621017,11947,4909,-7038,0.6245027907526857778064667231,129.45170101114957,129.13593289078503,0,0,
318,10:30:00,20230109,568735919,129.84375,129.71875,-0.125,-0.0009626955475330926,0.000773965574343829,4909,6817,1908,0.6237635151212692736162537848,129.50511080891965,129.16507374624578,0,0,
319,10:40:00,20230109,568735919,129.71875,129.8125,0.09375,0.0007227174174897615,0.00077380542385366,6817,5826,-991,0.6222685412129418877435082580,129.56658864713572,129.19744505893348,0,0,
320,10:50:00,20230109,568735919,129.8125,129.84375,0.03125,0.00024073182474723158,0.000772144758435883,5826,3201,-2625,0.6217336436588971236245604972,129.62202091770857,129.22976030598682,0,0,
321,11:00:00,20230109,568735919,129.84375,129.78125,-0.0625,-0.0004813477737665463,0.0007712416622102018,3201,3174,-27,0.6198289890640091424883062811,129.65386673416685,129.25733479068748,0,0,
322,11:10:00,20230109,568735919,129.78125,129.65625,-0.125,-0.000963159162051529,0.000771835834036336,3174,2590,-584,0.6184796577017125755500269136,129.65434338733348,129.2772805511531,0,0,
323,11:20:00,20230109,568735919,129.65625,129.6875,0.03125,0.00024102193299590263,0.000770197519526952,2590,3040,450,0.6171070204055504186661495008,129.6609747098668,129.29779152359544,0,0,
324,11:30:00,20230109,568735919,129.6875,129.65625,-0.03125,-0.00024096385542168674,0.0007685691082527819,3040,2351,-689,0.6159055979945859720338164092,129.66002976789343,129.31571444741567,0,0,
325,11:40:00,20230109,568735919,129.65625,129.71875,0.0625,0.00048204386599180526,0.0007676901964667053,2351,2155,-196,0.6142720494708077186600379852,129.67177381431475,129.3358662250449,0,0,
326,11:50:00,20230109,568735919,129.71875,129.71875,0,0,0.0007653425200249112,2155,1780,-375,0.6129256943382171418296635883,129.6811690514518,129.35501041379266,0,0,
327,12:00:00,20230109,568735919,129.71875,129.6875,-0.03125,-0.0002409058058299205,0.000763743627603585,1780,2041,261,0.6115040587258541202613284259,129.68243524116144,129.37163489310302,0,0,
328,12:10:00,20230109,568735919,129.6875,129.71875,0.03125,0.00024096385542168674,0.0007621546313355549,2041,2468,427,0.6102812839911086988777266524,129.68969819292914,129.38899064844787,0,0,
329,12:20:00,20230109,568735919,129.71875,129.78125,0.0625,0.000481811611659841,0.0007613051070335073,2468,1927,-541,0.6090962068719961107572632304,129.7080085543433,129.4086036160255,0,0,
330,12:30:00,20230109,568735919,129.78125,129.75,-0.03125,-0.00024078979051288225,0.000759732553207161,1927,1894,-33,0.6073077744188108353570759627,129.71640684347463,129.4256734352242,0,0,
331,12:40:00,20230109,568735919,129.75,129.65625,-0.09375,-0.000722543352601156,0.0007596205375426851,1894,2288,394,0.6061051164934198929355954760,129.7043754747797,129.437202263463,0,0,
332,12:50:00,20230109,568735919,129.65625,129.78125,0.125,0.0009640877319836105,0.0007602345531416068,2288,1970,-318,0.6047023564258300854073023545,129.71975037982378,129.45440465028986,0,0,
333,13:00:00,20230109,568735919,129.78125,129.90625,0.125,0.000963159162051529,0.0007608421118509179,1970,1979,9,0.6029055485560485034925748770,129.75705030385902,129.47699691777538,0,0,
334,13:10:00,20230109,568735919,129.90625,129.90625,0,0,0.0007585709413677809,1979,1556,-423,0.6017438732329282482929613142,129.7868902430872,129.49845957188663,0,0,
335,13:20:00,20230109,568735919,129.90625,129.90625,0,0,0.0007563132897565673,1556,2363,807,0.6014965329320376168770447244,129.81076219446976,129.5188490932923,0,0,
336,13:30:00,20230109,568735919,129.90625,129.90625,0,0,0.0007540690366712361,2363,1538,-825,0.6007476781124733843045585890,129.8298597555758,129.53821913862768,0,0,
337,13:40:00,20230109,568735919,129.90625,129.96875,0.0625,0.0004811161895597787,0.0007532614838691313,1538,2323,785,0.6004803865231947082689394203,129.85763780446064,129.55974568169628,0,0,
338,13:50:00,20230109,568735919,129.96875,129.875,-0.09375,-0.000721327242125511,0.0007531672825660527,2323,5317,2994,0.6025109771947866237844159919,129.8611102435685,129.57550839761146,0,1,
339,14:00:00,20230109,568735919,129.875,129.84375,-0.03125,-0.00024061597690086623,0.0007516597787258609,5317,2830,-2487,0.6021146065823533185820895253,129.85763819485481,129.58892047773088,0,0,
340,14:10:00,20230109,568735919,129.84375,129.75,-0.09375,-0.0007220216606498195,0.0007515728634235852,2830,2899,69,0.6004203749661050569823596585,129.83611055588383,129.59697445384435,0,0,
341,14:20:00,20230109,568735919,129.75,129.71875,-0.03125,-0.00024084778420038535,0.000750079515238722,2899,1988,-911,0.5995836086411303847721481713,129.81263844470706,129.60306323115213,0,0,
342,14:30:00,20230109,568735919,129.71875,129.59375,-0.125,-0.000963623223319682,0.0007507020916471213,1988,5139,3151,0.6024565720572267190387873202,129.76886075576564,129.60259756959454,0,1,
343,14:40:00,20230109,568735919,129.59375,129.71875,0.125,0.0009645526886906198,0.0007513237503594571,5139,4915,-224,0.6008319548324691152445347916,129.75883860461252,129.6084051911148,0,0,
344,14:50:00,20230109,568735919,129.71875,129.78125,0.0625,0.000481811611659841,0.0007505425557545307,4915,7000,2085,0.6003200117667273984052661296,129.76332088369003,129.61704743155906,0,0,
345,15:00:00,20230109,568735919,129.78125,129.78125,0,0,0.0007483733576165118,7000,3698,-3302,0.5999483189168648501852674248,129.76690670695203,129.6252575599811,0,0,
346,15:10:00,20230109,568735919,129.78125,129.78125,0,0,0.0007462166620614209,3698,1214,-2484,0.6001551377102974196900974217,129.76977536556163,129.63305718198202,0,0,
347,15:20:00,20230109,568735919,129.78125,129.75,-0.03125,-0.00024078979051288225,0.0007447642859937527,1214,1043,-171,0.5988353145334234468173300471,129.7658202924493,129.63890432288292,0,0,
348,15:30:00,20230109,568735919,129.75,129.84375,0.09375,0.000722543352601156,0.0007447006156974989,1043,2705,1662,0.6016853002945259512883141896,129.78140623395944,129.64914660673878,0,1,
349,15:40:00,20230109,568735919,129.84375,129.71875,-0.125,-0.0009626955475330926,0.0007453234583598863,2705,3263,558,0.6005555841738006355257212243,129.76887498716755,129.65262677640183,0,0,
350,15:50:00,20230109,568735919,129.71875,129.625,-0.09375,-0.0007227174174897615,0.0007452590536850426,3263,2015,-1248,0.5999342580636812956826211911,129.74009998973403,129.65124543758174,0,0,
351,09:30:00,20230110,568735919,129.625,128.4375,-1.1875,-0.009161041465766635,0.000769167526446638,2015,6616,4601,0.6047167592902796520287743581,129.47957999178723,129.59055816570265,-1,1,SELL
352,09:40:00,20230110,568735919,128.4375,128.375,-0.0625,-0.00048661800486618007,0.0007683671028727556,6616,6570,-46,0.6030233770871800796221858273,129.2586639934298,129.5297802574175,0,0,
353,09:50:00,20230110,568735919,128.375,128.34375,-0.03125,-0.00024342745861733204,0.0007668842225217516,6570,4183,-2387,0.6023462435717733029179757297,129.07568119474382,129.47047874454665,0,0,
354,10:00:00,20230110,568735919,128.34375,128.34375,0,0,0.0007647239852752114,4183,5005,822,0.6012030419900116265645896954,128.92929495579506,129.41414230731934,0,0,
355,10:10:00,20230110,568735919,128.34375,128.21875,-0.125,-0.0009739469198928658,0.0007653116901477329,5005,5283,278,0.5996702931516814128508002425,128.78718596463605,129.35437269195336,0,0,
356,10:20:00,20230110,568735919,128.21875,128.09375,-0.125,-0.0009748964172556666,0.000765898762212461,5283,4367,-916,0.5984762204356336210042766288,128.64849877170883,129.29134155735568,0,0,
357,10:30:00,20230110,568735919,128.09375,128.03125,-0.0625,-0.00048792388387411563,0.0007651222960718511,4367,6950,2583,0.5984566822955694193145303499,128.52504901736705,129.2283369794879,0,0,
358,10:40:00,20230110,568735919,128.03125,128.0625,0.03125,0.000244081034903588,0.0007636709276563406,6950,4827,-2123,0.5976405567902872776884162496,128.43253921389365,129.1700451305135,0,0,
359,10:50:00,20230110,568735919,128.0625,128,-0.0625,-0.0004880429477794046,0.0007629052943789046,4827,3815,-1012,0.5965628164364749738135676058,128.34603137111492,129.11154287398782,0,0,
360,11:00:00,20230110,568735919,128,128.09375,0.09375,0.000732421875,0.000762820852773977,3815,4147,332,0.5951513540687944358982103374,128.29557509689192,129.06065323028844,0,0,
361,11:10:00,20230110,568735919,128.09375,128.125,0.03125,0.00024396194193705782,0.0007613875408655876,4147,3475,-672,0.5939549272666707609753346659,128.26146007751353,129.013870568774,0,0,
362,11:20:00,20230110,568735919,128.125,128.21875,0.09375,0.0007317073170731707,0.0007613057771636802,3475,3637,162,0.5924471139822886685842774980,128.25291806201082,128.97411454033528,0,0,
363,11:30:00,20230110,568735919,128.21875,128.1875,-0.03125,-0.00024372410431391665,0.000759883849491016,3637,3031,-606,0.5912772615849548075893437000,128.23983444960865,128.93478381331852,0,0,
364,11:40:00,20230110,568735919,128.1875,128.09375,-0.09375,-0.0007313505607020966,0.0007598056760970737,3031,2011,-1020,0.5905793036074673849097241515,128.2106175596869,128.8927321226526,0,0,
365,11:50:00,20230110,568735919,128.09375,128.03125,-0.0625,-0.00048792388387411563,0.0007590628296702351,2011,2502,491,0.5896327949521282842379361233,128.17474404774953,128.84965801651998,0,0,
366,12:00:00,20230110,568735919,128.03125,128.21875,0.1875,0.001464486209421528,0.0007609849642199662,2502,5934,3432,0.5917637754505957500830656696,128.18354523819963,128.818112615694,0,1,
367,12:10:00,20230110,568735919,128.21875,128.09375,-0.125,-0.0009748964172556666,0.0007615662453423458,5934,2977,-2957,0.5915098380066819761142488514,128.1655861905597,128.7818944849093,0,0,
368,12:20:00,20230110,568735919,128.09375,128.125,0.03125,0.00024396194193705782,0.0007601635236529006,2977,1786,-1191,0.5909910232200150069997348504,128.15746895244777,128.7490497606638,0,0,
369,12:30:00,20230110,568735919,128.125,128.28125,0.15625,0.0012195121951219512,0.0007614050065487629,1786,3575,1789,0.5921009927011582127100621310,128.18222516195823,128.72565977263062,0,1,
370,12:40:00,20230110,568735919,128.28125,128.15625,-0.125,-0.00097442143727162,0.0007619791748256438,3575,2686,-889,0.5911753062752017988518912663,128.1770301295666,128.69718928399908,0,0,
371,12:50:00,20230110,568735919,128.15625,128.1875,0.03125,0.000243842965130456,0.0007605863355522697,2686,2266,-420,0.5900064649787790972773028189,128.17912410365327,128.67170481979912,0,0,
372,13:00:00,20230110,568735919,128.1875,128.34375,0.15625,0.0012189176011701609,0.0007618151057013794,2266,1635,-631,0.5891712311697003584969758876,128.2120492829226,128.65530707880916,0,0,
373,13:10:00,20230110,568735919,128.34375,128.3125,-0.03125,-0.00024348672997321646,0.0007604292009534431,1635,4828,3193,0.5928175786766711019496201572,128.23213942633808,128.6381667248687,0,1,
374,13:20:00,20230110,568735919,128.3125,128.28125,-0.03125,-0.00024354603019970775,0.0007590508458314332,4828,2559,-2269,0.5924899767601557923223278257,128.24196154107045,128.62032088862526,0,0,
375,13:30:00,20230110,568735919,128.28125,128.21875,-0.0625,-0.00048721071863581,0.0007583278667697426,2559,1806,-753,0.5916968001426593065435653053,128.23731923285638,128.600242344194,0,0,
376,13:40:00,20230110,568735919,128.21875,128.15625,-0.0625,-0.0004874482086278333,0.0007576093530876686,1806,3932,2126,0.5932498249537698653534009564,128.2211053862851,128.57804272698428,0,1,
377,13:50:00,20230110,568735919,128.15625,128.21875,0.0625,0.000487685930260912,0.0007568952699584973,3932,5039,1107,0.5924251855066353624612653572,128.2206343090281,128.56007809063507,0,0,
378,14:00:00,20230110,568735919,128.21875,128.3125,0.09375,0.00073117231294175,0.0007568273993595085,5039,4922,-117,0.5909233219370596176028536775,128.2390074472225,128.54769918610333,0,0,
379,14:10:00,20230110,568735919,128.3125,128.34375,0.03125,0.00024354603019970775,0.0007554766589143512,4922,1873,-3049,0.5909984280179348462017109853,128.25995595777798,128.53750172679815,0,0,
380,14:20:00,20230110,568735919,128.34375,128.40625,0.0625,0.0004869734599464329,0.0007547719261086611,1873,1028,-845,0.5906313662412048931782433569,128.2892147662224,128.53093914045826,0,0,
381,14:30:00,20230110,568735919,128.40625,128.34375,-0.0625,-0.0004867364322219518,0.000754070262512099,1028,2863,1835,0.5937580366312879125362525188,128.3001218129779,128.52157968343536,0,1,
382,14:40:00,20230110,568735919,128.34375,128.40625,0.0625,0.0004869734599464329,0.0007533728818265489,2863,1985,-878,0.5930084629685071039177925502,128.32134745038232,128.5158131992636,0,0,
383,14:50:00,20230110,568735919,128.40625,128.28125,-0.125,-0.0009734728644439036,0.0007539460588646149,1985,5160,3175,0.5956295248401059617561678412,128.31332796030586,128.5040850393004,0,1,
384,15:00:00,20230110,568735919,128.28125,128.3125,0.03125,0.000243605359317905,0.000752620498606052,5160,3637,-1523,0.5948490716295074785372703147,128.3131623682447,128.49450578733538,0,0,
385,15:10:00,20230110,568735919,128.3125,128.34375,0.03125,0.00024354603019970775,0.0007513016528329785,3637,2675,-962,0.5939932546352611539177937119,128.31927989459575,128.48696799796863,0,0,
386,15:20:00,20230110,568735919,128.34375,128.4375,0.09375,0.0007304601899196494,0.0007512477989236418,2675,1985,-690,0.5931249101148435407547324468,128.3429239156766,128.4844945980702,0,0,
387,15:30:00,20230110,568735919,128.4375,128.40625,-0.03125,-0.00024330900243309004,0.00074993867831413,1985,804,-1181,0.5931296454408998335325270612,128.3555891325413,128.4805823681667,0,0,
388,15:40:00,20230110,568735919,128.40625,128.28125,-0.125,-0.0009734728644439036,0.0007505133163247464,804,3369,2565,0.5998061720784879742359503312,128.34072130603303,128.47061574975837,0,1,
389,15:50:00,20230110,568735919,128.28125,128.1875,-0.09375,-0.000730816077953715,0.0007504628105853335,3369,2757,-612,0.5987339928624591549216891439,128.31007704482641,128.45645996227046,0,0,
