N-term, time, date, conId, Previous Price, Current Price, Difference in Price ($), Difference in Price (%), cumulativeAggregatedAvg, Previous Volume, Current Volume, Difference in Volume, cumulativeAggregatedAvgVolume, SMA 5, SMA20, Crossing SMA Condition, Volume Condition, Order
0,09:30:00,20221227,570640394,108.25,108.21875,-0.03125,-0.0002886836027713626,0.0002886836027713626,5273,5273,0,0,,,0,0,
1,09:40:00,20221227,570640394,108.21875,108.1796875,-0.0390625,-0.00036095870632399656,0.00032482115454767954,5273,3679,-1594,0.1511473544471837663569125735,,,0,0,
2,09:50:00,20221227,570640394,108.1796875,108.125,-0.0546875,-0.0005055246623817433,0.00038505565715903415,3679,4079,400,0.1370066353195957373248312690,,,0,0,
3,10:00:00,20221227,570640394,108.125,108.15625,0.03125,0.00028901734104046245,0.0003610460781293912,4079,3611,-468,0.1314384773477502474653076881,,,0,0,
4,10:10:00,20221227,570640394,108.15625,108.1484375,-0.0078125,-7.22334585379948E-05,0.0003032835542111119,3611,4266,655,0.1414288212024870991076657019,72.7175675,,0,0,
5,10:20:00,20221227,570640394,108.1484375,108.1171875,-0.03125,-0.0002889547063497797,0.0003008954129008899,4266,4859,593,0.1410250334524554549135220121,79.7974915,,0,0,
6,10:30:00,20221227,570640394,108.1171875,108.0625,-0.0546875,-0.0005058168942842691,0.0003301699102413726,4859,14494,9635,0.4041526423800572231955082098,85.45049320000001,,0,1,
7,10:40:00,20221227,570640394,108.0625,108.046875,-0.015625,-0.00014459224985540774,0.000306972702693127,14494,6281,-8213,0.4244645956136663942922060158,89.96976956,,0,0,
8,10:50:00,20221227,570640394,108.046875,108.015625,-0.03125,-0.00028922631959508316,0.00030500088234889993,6281,6793,512,0.3863591607917265293989769478,93.57894064800001,,0,0,
9,11:00:00,20221227,570640394,108.015625,108.03125,0.015625,0.00014465499783017504,0.00028896629389702747,6793,7922,1129,0.3643432947640775037224385935,96.46940251840002,,0,0,
10,11:10:00,20221227,570640394,108.03125,108.0078125,-0.0234375,-0.00021695111368238358,0.00028241945933205986,7922,7527,-395,0.3357540085287257561783248649,98.77708451472002,,0,0,
11,11:20:00,20221227,570640394,108.0078125,108.015625,0.0078125,7.233273056057866E-05,0.0002649122319344364,7527,7921,394,0.3121365821282594485883792108,100.624792611776,,0,0,
12,11:30:00,20221227,570640394,108.015625,107.984375,-0.03125,-0.0002893099956603501,0.00026678898299027594,7921,9963,2042,0.3079565168000865965565985331,102.0967090894208,,0,0,
13,11:40:00,20221227,570640394,107.984375,108,0.015625,0.0001446968600781363,0.0002580681170679802,9963,6905,-3058,0.3078835985964527028535157612,103.27736727153663,,0,0,
14,11:50:00,20221227,570640394,108,107.96875,-0.03125,-0.00028935185185185184,0.000260153699386905,6905,6349,-556,0.2927261161121803792889149760,104.2156438172293,,0,0,
15,12:00:00,20221227,570640394,107.96875,108.0546875,0.0859375,0.0007959479015918958,0.0002936408370247169,6349,11026,4677,0.3204714489284089858794674136,104.98345255378345,,0,1,
16,12:10:00,20221227,570640394,108.0546875,108.0390625,-0.015625,-0.0001446027040705661,0.0002848738880274139,11026,8450,-2576,0.3153631050359801946890884820,105.59457454302677,,0,0,
17,12:20:00,20221227,570640394,108.0390625,108.0546875,0.015625,0.00014462361703666208,0.0002770822063057055,8450,4151,-4299,0.3261072323367426362070188063,106.08659713442142,,0,0,
18,12:30:00,20221227,570640394,108.0546875,108.0234375,-0.03125,-0.0002892054081411322,0.00027772026956020165,4151,7040,2889,0.3455740555317898831241176022,106.47396520753713,,0,1,
19,12:40:00,20221227,570640394,108.0234375,108.0078125,-0.015625,-0.0001446445360526506,0.0002710664828848241,7040,3680,-3360,0.3521589891188367526042753585,106.7807346660297,69.3146979590984,0,0,
20,12:50:00,20221227,570640394,108.0078125,108.03125,0.0234375,0.00021699819168173598,0.0002684918023513437,3680,5165,1485,0.3546053519558279631427881261,107.03083773282377,71.25052556114348,0,0,
21,13:00:00,20221227,570640394,108.03125,108.046875,0.015625,0.0001446340757882557,0.00026286190568938517,5165,5940,775,0.3453073088083154098590382302,107.23404518625901,73.0903430330863,0,0,
22,13:10:00,20221227,570640394,108.046875,108.03125,-0.015625,-0.00014461315979754158,0.00025772065586800066,5940,3864,-2076,0.3454893801425168918194928702,107.39348614900722,74.83738838143198,0,0,
23,13:20:00,20221227,570640394,108.03125,108.046875,0.015625,0.0001446340757882557,0.0002530087150313446,3864,3724,-140,0.3326036511389941469308787349,107.52416391920578,76.49786271236037,0,0,
24,13:30:00,20221227,570640394,108.046875,108.0234375,-0.0234375,-0.00021691973969631235,0.00025156515601794334,3724,3414,-310,0.3226292580472474852426876242,107.62401863536462,78.07414145174236,0,0,
25,13:40:00,20221227,570640394,108.0234375,108.015625,-0.0078125,-7.23222680263253E-05,0.00024467119878749646,3414,6235,2821,0.3420013425975910601760104178,107.70233990829169,79.57121562915523,0,1,
26,13:50:00,20221227,570640394,108.015625,107.9921875,-0.0234375,-0.00021698249674526255,0.00024364569130445077,6235,9154,2919,0.3466740185244318914439576395,107.76030942663336,80.99226422269747,0,0,
27,14:00:00,20221227,570640394,107.9921875,108.046875,0.0546875,0.0005064023728568328,0.0002530298585027501,9154,6674,-2480,0.3439685113083333492989235083,107.81762254130669,82.3449947615626,0,0,
28,14:10:00,20221227,570640394,108.046875,108.046875,0,0,0.00024430469096817253,6674,3968,-2706,0.3460887005942301553645564044,107.86347303304535,83.63008877348447,0,0,
29,14:20:00,20221227,570640394,108.046875,108.0625,0.015625,0.00014461315979754158,0.0002409816399291515,3968,6033,2065,0.3518995207894762469599314060,107.90327842643627,84.85170933481025,0,1,
30,14:30:00,20221227,570640394,108.0625,108.0625,0,0,0.00023320803864111436,6033,3150,-2883,0.3559631396549478189168069445,107.93512274114902,86.01224886806975,0,0,
31,14:40:00,20221227,570640394,108.0625,108.0546875,-0.0078125,-7.229612492770387E-05,0.0002281795413375703,3150,5915,2765,0.3722698470962862551312122830,107.9590356929192,87.11437079966626,0,1,
32,14:50:00,20221227,570640394,108.0546875,108.03125,-0.0234375,-0.00021690405610584918,0.00022783785996691207,5915,4782,-1133,0.3667933945971211474230172951,107.97347855433536,88.16021475968294,0,0,
33,15:00:00,20221227,570640394,108.03125,108.0390625,0.0078125,7.231703789412785E-05,0.00022326371814124194,4782,3701,-1081,0.3626540607412189078544337053,107.98659534346828,89.15415714669881,0,0,
34,15:10:00,20221227,570640394,108.0390625,108.0390625,0,0,0.00021688475476577788,3701,3024,-677,0.3575189028394684066156236606,107.99708877477462,90.09840241436387,0,0,
35,15:20:00,20221227,570640394,108.0390625,108.03125,-0.0078125,-7.231180851833104E-05,0.00021286883959223768,3024,1320,-1704,0.3632403795242627145447311162,108.0039210198197,90.99504479364568,0,0,
36,15:30:00,20221227,570640394,108.03125,108.0546875,0.0234375,0.00021695111368238358,0.00021297917132440377,1320,2592,1272,0.3794672980137789556749717986,108.01407431585577,91.84802692896339,0,1,
37,15:40:00,20221227,570640394,108.0546875,108.0625,0.0078125,7.230135203528306E-05,0.00020927712344837428,2592,4190,1598,0.3857053255839166764645518130,108.02375945268462,92.65875058251522,0,1,
38,15:50:00,20221227,570640394,108.0625,108.0859375,0.0234375,0.00021688837478311162,0.00020947228373900857,4190,2664,-1526,0.3851539192183539148564098872,108.0361950621477,93.43010992838947,0,0,
39,09:30:00,20221228,570640394,108.0859375,108.0078125,-0.078125,-0.0007228044813877846,0.00022230558868022797,2664,11523,8859,0.4586613324991563282462609013,108.03051854971815,94.15899505697,0,1,
40,09:40:00,20221228,570640394,108.0078125,107.96875,-0.0390625,-0.0003616636528028933,0.00022570456585395152,11523,10871,-652,0.4488545313942870035438488339,108.01816483977453,94.8494828041215,0,0,
41,09:50:00,20221228,570640394,107.96875,107.96875,0,0,0.00022033064761933362,10871,13296,2425,0.4434787224250606783371495320,108.00828187181962,95.50544616391542,0,0,
42,10:00:00,20221228,570640394,107.96875,107.9375,-0.03125,-0.0002894356005788712,0.00022193773954862518,13296,12312,-984,0.4348863619085849997291913068,107.99412549745568,96.12704885571965,0,0,
43,10:10:00,20221228,570640394,107.9375,107.9375,0,0,0.00021689370001342915,12312,11311,-1001,0.4268503717293465285468529315,107.98280039796455,96.71757141293367,0,0,
44,10:20:00,20221228,570640394,107.9375,107.953125,0.015625,0.00014475969889982628,0.00021529072221090464,11311,5776,-5535,0.4282391779953596748756116550,107.97686531837165,97.27934909228698,0,0,
45,10:30:00,20221228,570640394,107.953125,107.9609375,0.0078125,7.236937328122738E-05,0.0002121837363646073,5776,8559,2783,0.4294040073789364036104005381,107.97367975469732,97.81342851267263,0,0,
46,10:40:00,20221228,570640394,107.9609375,107.984375,0.0234375,0.00021709240900209855,0.00021228817620795818,8559,6685,-1874,0.4249262798179111379860573229,107.97581880375785,98.321975837039,0,0,
47,10:50:00,20221228,570640394,107.984375,107.9921875,0.0078125,7.234843003906815E-05,0.00020937276482943962,6685,6061,-624,0.4180183011948036337557008245,107.97909254300627,98.80548642018705,0,0,
48,11:00:00,20221228,570640394,107.9921875,108,0.0078125,7.234319612240469E-05,0.00020657624301909197,6061,7609,1548,0.4146996297169317097982704055,107.98327403440501,99.2652120991777,0,0,
49,11:10:00,20221228,570640394,108,107.9921875,-0.0078125,-7.233796296296296E-05,0.0002038914774179694,7609,5969,-1640,0.4107163218380615997184832074,107.98505672752401,99.70156086921881,0,0,
50,11:20:00,20221228,570640394,107.9921875,107.9921875,0,0,0.00019989360531173471,5969,6731,762,0.4051661895366895116138654724,107.98648288201922,100.11609220075786,0,0,
51,11:30:00,20221228,570640394,107.9921875,107.9765625,-0.015625,-0.00014468639224480938,0.00019883192813737076,6731,7573,842,0.3997801638525088060875608643,107.98449880561537,100.50911571571996,0,0,
52,11:40:00,20221228,570640394,107.9765625,108.0234375,0.046875,0.0004341219882787063,0.00020327136323437708,7573,7166,-407,0.3932511713771182074401787834,107.9922865444923,100.88483180493397,0,0,
53,11:50:00,20221228,570640394,108.0234375,107.984375,-0.0390625,-0.00036161134013162655,0.0002062035850287706,7166,24736,17570,0.4313734827701975918932123442,107.99070423559384,101.23980896468727,0,1,
54,12:00:00,20221228,570640394,107.984375,108.015625,0.03125,0.0002893937201562726,0.0002077161329401797,24736,21660,-3076,0.4257912952556412532237203263,107.99568838847506,101.5785997664529,0,0,
55,12:10:00,20221228,570640394,108.015625,108.0234375,0.0078125,7.232749891508752E-05,0.00020529847876116022,21660,8074,-13586,0.4293885783851449552874109820,108.00123821078004,101.90084165313026,0,0,
56,12:20:00,20221228,570640394,108.0234375,107.9765625,-0.046875,-0.00043393360815795185,0.00020930962138215656,8074,3616,-4458,0.4315421591188805754304941377,107.99630306862403,102.20462769547373,0,0,
57,12:30:00,20221228,570640394,107.9765625,107.984375,0.0078125,7.235366471311772E-05,0.00020694831178441451,3616,3048,-568,0.4268100468240326192169381661,107.99391745489922,102.49361506070005,0,0,
58,12:40:00,20221228,570640394,107.984375,107.96875,-0.015625,-0.0001446968600781363,0.00020589320243346063,3048,6305,3257,0.4376873266033841727592819785,107.98888396391938,102.76737180766504,0,1,
59,12:50:00,20221228,570640394,107.96875,107.96875,0,0,0.00020246164905956963,6305,1857,-4448,0.4421504019556592528300002633,107.9848571711355,103.02744071728179,0,0,
60,13:00:00,20221228,570640394,107.96875,107.9453125,-0.0234375,-0.0002170767004341534,0.00020270124006571035,1857,9338,7481,0.5009436848248060413880896328,107.9769482369084,103.27333430641771,0,1,
61,13:10:00,20221228,570640394,107.9453125,107.9375,-0.0078125,-7.237461098646595E-05,0.0002005991976612064,9338,5050,-4288,0.5002703830041253008577522998,107.96905858952672,103.50654259109682,0,0,
62,13:20:00,20221228,570640394,107.9375,107.9375,0,0,0.0001974150834126158,5050,4266,-784,0.4947938296985435539794507153,107.96274687162139,103.72809046154197,0,0,
63,13:30:00,20221228,570640394,107.9375,107.9140625,-0.0234375,-0.00021713954834973943,0.00019772327817725837,4266,3977,-289,0.4881211911118479272166886990,107.95300999729712,103.93738906346486,0,0,
64,13:40:00,20221228,570640394,107.9140625,107.921875,0.0078125,7.239556939115326E-05,0.00019579515958054907,3977,6310,2333,0.4896366048289836916833691464,107.94678299783769,104.13661336029162,0,0,
65,13:50:00,20221228,570640394,107.921875,107.9296875,0.0078125,7.239032865209208E-05,0.00019392538941496638,6310,18086,11776,0.5104942934990339075635927950,107.94336389827015,104.32626706727704,0,1,
66,14:00:00,20221228,570640394,107.9296875,107.9140625,-0.015625,-0.00014477017734346723,0.0001931917295333022,18086,8201,-9885,0.5110325181733317257389480716,107.93750361861612,104.50565683891318,0,0,
67,14:10:00,20221228,570640394,107.9140625,107.9140625,0,0,0.00019035067468722424,8201,2742,-5459,0.5133063124711227170047457987,107.9328153948929,104.67607712196752,0,0,
68,14:20:00,20221228,570640394,107.9140625,107.9375,0.0234375,0.00021718670817345978,0.00019073960270876388,2742,4516,1774,0.5152435110208123622968365556,107.93375231591432,104.83914826586914,0,0,
69,14:30:00,20221228,570640394,107.9375,107.9375,0,0,0.00018801475124149582,4516,6304,1788,0.5135389694044325425191176075,107.93450185273144,104.99406585257567,0,0,
70,14:40:00,20221228,570640394,107.9375,107.9375,0,0,0.00018536665615358742,6304,2870,-3434,0.5139783290260330851032123978,107.93510148218516,105.14123755994689,0,0,
71,14:50:00,20221228,570640394,107.9375,107.921875,-0.015625,-0.00014475969889982628,0.00018480267063617409,2870,8389,5519,0.5335480260628859937644289116,107.93245618574812,105.28026943194955,0,1,
72,15:00:00,20221228,570640394,107.921875,107.9609375,0.0390625,0.0003619516432604604,0.0001872293688913013,8389,8123,-266,0.5266735077510040763126945071,107.93815244859849,105.41430283535207,0,0,
73,15:10:00,20221228,570640394,107.9609375,107.9296875,-0.03125,-0.0002894565453361314,0.00018861081722163682,8123,2696,-5427,0.5285847159927643663934328552,107.93645945887879,105.54007206858446,0,0,
74,15:20:00,20221228,570640394,107.9296875,107.953125,0.0234375,0.00021715526601520088,0.0001889914098722177,2696,2544,-152,0.5222886507389736011521039977,107.93979256710303,105.66072471515524,0,0,
75,15:30:00,20221228,570640394,107.953125,107.9453125,-0.0078125,-7.236937328122738E-05,0.0001874569093907573,2544,2248,-296,0.5169473816668537068635253370,107.94089655368242,105.77495410439748,0,0,
76,15:40:00,20221228,570640394,107.9453125,107.9375,-0.0078125,-7.237461098646595E-05,0.00018596233408680547,2248,1418,-830,0.5150288063445638380448974949,107.94021724294595,105.8830813991776,0,0,
77,15:50:00,20221228,570640394,107.9375,107.953125,0.015625,0.00014475969889982628,0.0001854340951741519,1418,2161,743,0.5151435323273800877072273867,107.94279879435676,105.98658357921872,0,0,
78,09:30:00,20221229,570640394,107.953125,107.921875,-0.03125,-0.0002894774931249095,0.00018675110021150327,2161,10452,8291,0.5571879141866958734748612272,107.93861403548541,106.08334815025779,0,1,
79,09:40:00,20221229,570640394,107.921875,107.9453125,0.0234375,0.00021717098595627624,0.00018713134878331294,10452,10324,-128,0.5503761460094578505252352590,107.93995372838833,106.1764463677449,0,0,
80,09:50:00,20221229,570640394,107.9453125,107.953125,0.0078125,7.237461098646595E-05,0.00018571459893396914,10324,11750,1426,0.5452866226987953610498877183,107.94258798271066,106.26528029935766,0,0,
81,10:00:00,20221229,570640394,107.953125,107.9609375,0.0078125,7.236937328122738E-05,0.00018433234008454545,11750,10704,-1046,0.5397224111609532795840484026,107.94625788616852,106.35006315938978,0,0,
82,10:10:00,20221229,570640394,107.9609375,107.9375,-0.0234375,-0.00021709240900209855,0.00018472703971005814,10704,9708,-996,0.5343408077415955303081694900,107.94450630893482,106.42943500142029,0,0,
83,10:20:00,20221229,570640394,107.9375,107.9609375,0.0234375,0.00021713954834973943,0.00018511290290814959,9708,8732,-976,0.5291764605150133675751367073,107.94779254714786,106.50601012634928,0,0,
84,10:30:00,20221229,570640394,107.9609375,108.015625,0.0546875,0.00050654895433823,0.00018889450351320937,8732,8533,-199,0.5232189696723830197999944399,107.9613590377183,106.58149087003181,0,0,
85,10:40:00,20221229,570640394,108.015625,108.03125,0.015625,0.00014465499783017504,0.0001883800906564299,8533,8343,-190,0.5173939408946222002349768849,107.97533723017465,106.65397882653022,0,0,
86,10:50:00,20221229,570640394,108.03125,108.0390625,0.0078125,7.231703789412785E-05,0.0001870460325787023,8343,5274,-3069,0.5156750828404700746088956741,107.98808228413972,106.72323301020371,0,0,
87,11:00:00,20221229,570640394,108.0390625,108.0625,0.0234375,0.00021693542555499312,0.0001873856847716147,5274,6200,926,0.5118103467705114457143889262,108.00296582731177,106.79019635969352,0,0,
88,11:10:00,20221229,570640394,108.0625,108.046875,-0.015625,-0.00014459224985540774,0.00018690485966019662,6200,5209,-991,0.5078556092750834446933138785,108.01174766184941,106.85303029170885,0,0,
89,11:20:00,20221229,570640394,108.046875,108.046875,0,0,0.00018482813899730555,5209,5866,657,0.5036141897901878373824470625,108.01877312947953,106.9127225271234,0,0,
90,11:30:00,20221229,570640394,108.046875,108.0234375,-0.0234375,-0.00021691973969631235,0.0001851807939500419,5866,4890,-976,0.4999083475229423552146081201,108.01970600358362,106.96825827576724,0,0,
91,11:40:00,20221229,570640394,108.0234375,108.0625,0.0390625,0.00036161134013162655,0.0001870985172781026,4890,6050,1160,0.4970530265053661390747498608,108.0282648028669,107.02297036197888,0,0,
92,11:50:00,20221229,570640394,108.0625,108.0390625,-0.0234375,-0.00021688837478311162,0.00018741883832654356,6050,7511,1461,0.4943050112021448378370314983,108.03042434229351,107.07377496887995,0,0,
93,12:00:00,20221229,570640394,108.0390625,108.0546875,0.015625,0.00014462361703666208,0.00018696357001494907,7511,9132,1621,0.4913423706789698775985813053,108.03527697383481,107.12282059543594,0,0,
94,12:10:00,20221229,570640394,108.0546875,108.0859375,0.03125,0.0002892054081411322,0.0001880397998899615,9132,4944,-4188,0.4909977888394692748341782294,108.04540907906785,107.17097644066415,0,0,
95,12:20:00,20221229,570640394,108.0859375,108.0546875,-0.03125,-0.00028912179255511386,0.00018909273731355686,4944,4153,-791,0.4875498109284863997693265212,108.04726476325428,107.21516199363093,0,0,
96,12:30:00,20221229,570640394,108.0546875,108.015625,-0.0390625,-0.0003615067601764153,0.00019087020146678222,4153,2042,-2111,0.4877638051227565857279503628,108.04093681060343,107.25518514394938,0,0,
97,12:40:00,20221229,570640394,108.015625,108.0234375,0.0078125,7.232749891508752E-05,0.0001896605820529894,2042,1832,-210,0.4838360147908457492728119699,108.03743694848274,107.29359776175191,0,0,
98,12:50:00,20221229,570640394,108.0234375,108.0390625,0.015625,0.0001446445360526506,0.00018920587451763245,1832,2993,1161,0.4853501320601720393974878139,108.0377620587862,107.33087099866432,0,0,
99,13:00:00,20221229,570640394,108.0390625,108.0390625,0,0,0.00018731381577245614,2993,2955,-38,0.4806235936530350700893799588,108.03802214702895,107.36628057373112,0,0,
100,13:10:00,20221229,570640394,108.0390625,108.015625,-0.0234375,-0.00021693542555499312,0.00018760709903762978,2955,4618,1663,0.4814369734950725007502363097,108.03354271762316,107.39874779504456,0,0,
101,13:20:00,20221229,570640394,108.015625,108.015625,0,0,0.00018576781375294712,4618,3726,-892,0.4786107013129033145129538275,108.02995917409854,107.42959165529233,0,0,
102,13:30:00,20221229,570640394,108.015625,108.015625,0,0,0.00018396424274563696,3726,1906,-1820,0.4787063204648821206199342538,108.02709233927882,107.4588933225277,0,0,
103,13:40:00,20221229,570640394,108.015625,108,-0.015625,-0.00014465499783017504,0.00018358626923683445,1906,2779,873,0.4785074835591287036678921464,108.02167387142305,107.48594865640132,0,0,
104,13:50:00,20221229,570640394,108,108.015625,0.015625,0.00014467592592592592,0.00018321569453863532,2779,7800,5021,0.4911575553670389877115081361,108.02046409713844,107.51243247358124,0,1,
105,14:00:00,20221229,570640394,108.015625,108,-0.015625,-0.00014465499783017504,0.00018285191438100834,7800,7760,-40,0.4865723728176160267727687028,108.01637127771076,107.53681084990218,0,0,
106,14:10:00,20221229,570640394,108,108,0,0,0.00018114301798492416,7760,2195,-5565,0.4887272027469629046418352252,108.01309702216861,107.55997030740708,0,0,
107,14:20:00,20221229,570640394,108,108.015625,0.015625,0.00014467592592592592,0.00018080535972511862,2195,4353,2158,0.4933051314990527402290754668,108.01360261773488,107.58275304203673,0,1,
108,14:30:00,20221229,570640394,108.015625,108.0078125,-0.0078125,-7.232749891508752E-05,0.0001798101499929165,4353,3277,-1076,0.4910471564287851053843576712,108.0124445941879,107.6040060149349,0,0,
109,14:40:00,20221229,570640394,108.0078125,108.0234375,0.015625,0.00014466546112115733,0.00017949065282135506,3277,3729,452,0.4878370098656394100689512848,108.01464317535032,107.62497758918815,0,0,
110,14:50:00,20221229,570640394,108.0234375,108.03125,0.0078125,7.23222680263253E-05,0.0001785251718772557,3729,10779,7050,0.5004743997661055173021367164,108.01796454028026,107.64529120972874,0,1,
111,15:00:00,20221229,570640394,108.03125,108.0390625,0.0078125,7.231703789412785E-05,0.00017757688496669206,10779,6835,-3944,0.4992728127226158189377577887,108.0221841322242,107.66497977424231,0,0,
112,15:10:00,20221229,570640394,108.0390625,108.046875,0.0078125,7.231180851833104E-05,0.0001766453356175915,6835,1722,-5113,0.5014744820651343769551985064,108.02712230577936,107.6840745355302,0,0,
113,15:20:00,20221229,570640394,108.046875,108.0625,0.015625,0.00014461315979754158,0.00017636435161917,1722,1005,-717,0.5007280068419332776769375500,108.03419784462348,107.7029958087537,0,0,
114,15:30:00,20221229,570640394,108.0625,108.0703125,0.0078125,7.229612492770387E-05,0.0001754594105175051,1005,1752,747,0.5028371857571299642954508770,108.04142077569878,107.72136164331602,0,0,
115,15:40:00,20221229,570640394,108.0703125,108.078125,0.0078125,7.22908985758693E-05,0.0001745700267938703,1752,2022,270,0.4998309133716469119343776703,108.04876162055902,107.73919981115021,0,0,
116,15:50:00,20221229,570640394,108.078125,108.0703125,-0.0078125,-7.228567297961544E-05,0.00017369580154759462,2022,1152,-870,0.4992363505420989901173930835,108.05307179644721,107.7557554455927,0,0,
117,09:30:00,20221230,570640394,108.0703125,107.765625,-0.3046875,-0.0028193450444589027,0.00019611655784345316,1152,13122,11970,0.5830616780798778122350422947,107.99558243715776,107.75624892331307,0,1,
118,09:40:00,20221230,570640394,107.765625,107.734375,-0.03125,-0.0002899811512251704,0.00019690533593909784,13122,12243,-879,0.5787249138928725028808445045,107.9433409497262,107.75515522714741,0,0,
119,09:50:00,20221230,570640394,107.734375,107.75,0.015625,0.000145032632342277,0.00019647306340912435,12243,10048,-2195,0.5753962572994514745021994425,107.90467275978096,107.75489746579005,0,0,
120,10:00:00,20221230,570640394,107.75,107.71875,-0.03125,-0.0002900232018561485,0.0001972462050491824,10048,6630,-3418,0.5734522154825322829721238878,107.86748820782478,107.75309009250054,0,0,
121,10:10:00,20221230,570640394,107.71875,107.6953125,-0.0234375,-0.0002175805047867711,0.0001974128796371954,6630,6056,-574,0.5694614282157009536492433134,107.83305306625982,107.75020121287551,0,0,
122,10:20:00,20221230,570640394,107.6953125,107.7578125,0.0625,0.0005803409503083062,0.00020052611598411502,6056,5127,-929,0.5660788278660184712152400572,107.81800495300786,107.75058177723173,0,0,
123,10:30:00,20221230,570640394,107.7578125,107.71875,-0.0390625,-0.00036250271877039076,0.0002018323789098108,5127,6602,1475,0.5638337777038959372836814274,107.79815396240629,107.74899018837014,0,0,
124,10:40:00,20221230,570640394,107.71875,107.75,0.03125,0.0002901073397156948,0.00020253857859625786,6602,5843,-759,0.5602428287788415646960451175,107.78852316992503,107.74904067895164,0,0,
125,10:50:00,20221230,570640394,107.75,107.734375,-0.015625,-0.00014501160092807424,0.000202082015281431,5843,13596,7753,0.5663273053217204792804223106,107.77769353594002,107.74830739500406,0,1,
126,11:00:00,20221230,570640394,107.734375,107.703125,-0.03125,-0.000290065264684554,0.0002027747967727942,13596,12656,-940,0.5624124287582371761572847610,107.762779828752,107.74604827525386,0,0,
127,11:10:00,20221230,570640394,107.703125,107.6953125,-0.0078125,-7.253735673872045E-05,0.000201757316772528,12656,14699,2043,0.5592797176810033976496558474,107.7492863630016,107.74351148649116,0,0,
128,11:20:00,20221230,570640394,107.6953125,107.6953125,0,0,0.000200193306564989,14699,13675,-1024,0.5554842516759895729776973103,107.73849159040128,107.7411015371666,-1,0,
129,11:30:00,20221230,570640394,107.6953125,107.7109375,0.015625,0.00014508523757707654,0.00019976939834200506,13675,16548,2873,0.5528273836452376914361588427,107.73298077232103,107.73959333530827,0,0,
130,11:40:00,20221230,570640394,107.7109375,107.7421875,0.03125,0.00029012838180895046,0.00020045916157457715,16548,26988,10440,0.5534232963707618693918050791,107.73482211785682,107.73972304354285,0,0,
131,11:50:00,20221230,570640394,107.7421875,108.0234375,0.28125,0.0026103980857080703,0.00021871627463619452,26988,129433,102445,0.5779878649325317128544590658,107.79254519428545,107.75390876636571,1,1,BUY
132,12:00:00,20221230,570640394,108.0234375,107.9140625,-0.109375,-0.0010125117523685542,0.00022468466168681377,129433,95786,-33647,0.5755966545863647275613515045,107.81684865542836,107.76191645304742,0,0,
133,12:10:00,20221230,570640394,107.9140625,107.8984375,-0.015625,-0.00014479113878230652,0.00022408844136663088,95786,20792,-74994,0.5771439391616345429712163731,107.83316642434269,107.76874250539504,0,0,
134,12:20:00,20221230,570640394,107.8984375,107.890625,-0.0078125,-7.240605314604301E-05,0.00022296486812055244,20792,14799,-5993,0.5750038793155937917501421954,107.84465813947415,107.7748366301253,0,0,
135,12:30:00,20221230,570640394,107.890625,107.8515625,-0.0390625,-0.0003620564808110065,0.00022398760056680577,14799,14898,99,0.5708250981529201052708737460,107.84603901157932,107.77867292361903,0,0,
136,12:40:00,20221230,570640394,107.8515625,107.796875,-0.0546875,-0.0005070626584570808,0.00022605384186527493,14898,12908,-1990,0.5676334914255769926753823230,107.83620620926347,107.77958302743808,0,0,
137,12:50:00,20221230,570640394,107.796875,107.8046875,0.0078125,7.247427163357009E-05,0.0002249409464288133,12908,16677,3769,0.5656360709362493159725545996,107.82990246741076,107.78083825106619,0,0,
138,13:00:00,20221230,570640394,107.8046875,107.8125,0.0078125,7.246901949416625E-05,0.00022384402609115398,16677,5438,-11239,0.5664151076076121372783920481,107.8264219739286,107.78242133851288,0,0,
139,13:10:00,20221230,570640394,107.8125,107.8125,0,0,0.00022224514019050288,5438,4017,-1421,0.5642357804453542236513759498,107.82363757914288,107.78392527158724,0,0,
140,13:20:00,20221230,570640394,107.8125,107.828125,0.015625,0.00014492753623188405,0.00022169678838937794,4017,3155,-862,0.5617560089598961652287367459,107.8245350633143,107.78613525800787,0,0,
141,13:30:00,20221230,570640394,107.828125,107.828125,0,0,0.00022013554340072035,3155,1161,-1994,0.5622507742368576785849192766,107.82525305065144,107.78823474510749,0,0,
142,13:40:00,20221230,570640394,107.828125,107.8125,-0.015625,-0.00014490653528474135,0.00021960946642088833,1161,654,-507,0.5613727443922639068494543634,107.82270244052116,107.78944800785212,0,0,
143,13:50:00,20221230,570640394,107.8125,107.8046875,-0.0078125,-7.246376811594203E-05,0.00021858762129377065,654,2314,1660,0.5751008940818606130688781746,107.81909945241694,107.79020998245952,0,1,
144,14:00:00,20221230,570640394,107.8046875,107.8046875,0,0,0.0002170801204572619,2314,894,-1420,0.5753667914117404287078929152,107.81621706193354,107.79093385833654,0,0,
145,14:10:00,20221230,570640394,107.8046875,107.828125,0.0234375,0.00021740705848249874,0.00021708235975880462,894,1727,833,0.5778078910445888248399080521,107.81859864954683,107.79279341541972,0,1,
146,14:20:00,20221230,570640394,107.828125,107.8203125,-0.0078125,-7.245326764237067E-05,0.00021609848838386288,1727,1285,-442,0.5756182805453391925472747601,107.81894141963747,107.79416936964873,0,0,
147,14:30:00,20221230,570640394,107.8203125,107.8359375,0.015625,0.00014491703499746396,0.00021561753261773857,1285,888,-397,0.5738164638953194172689949827,107.82234063570998,107.79625777616629,0,0,
148,14:40:00,20221230,570640394,107.8359375,107.8359375,0,0,0.00021417043508339134,888,1532,644,0.5748326300787416038995737092,107.82506000856799,107.79824176235797,0,0,
149,14:50:00,20221230,570640394,107.8359375,107.828125,-0.0078125,-7.244801854669275E-05,0.00021322561897314668,1532,2929,1397,0.5770796118486257112225756808,107.82567300685439,107.79973592424008,0,1,
150,15:00:00,20221230,570640394,107.828125,107.8359375,0.0078125,7.245326764237067E-05,0.00021229335174579054,2929,2769,-160,0.5736196551626771929610915855,107.82772590548352,107.80154600302808,0,0,
151,15:10:00,20221230,570640394,107.8359375,107.8515625,0.015625,0.0001448960370933855,0.00021184994835991947,2769,915,-1854,0.5742508139860566831168830013,107.83249322438681,107.80404682787668,0,0,
152,15:20:00,20221230,570640394,107.8515625,107.8671875,0.015625,0.00014487504527345164,0.00021141220389530202,915,504,-411,0.5734333598284278973384484290,107.83943207950945,107.80720386148285,0,0,
153,15:30:00,20221230,570640394,107.8671875,107.890625,0.0234375,0.00021728108930252772,0.0002114503135408035,504,1979,1475,0.5887135802294595446758714087,107.84967066360755,107.8113749184087,0,1,
154,15:40:00,20221230,570640394,107.890625,107.890625,0,0,0.0002100861179695725,1979,524,-1455,0.5896587816988425812733267885,107.85786153088604,107.81533742248827,0,0,
155,15:50:00,20221230,570640394,107.890625,107.890625,0,0,0.00020873941208515218,524,1097,573,0.5928886064980915351710168546,107.86441422470884,107.81910180136386,0,1,
156,09:30:00,20230103,570640394,107.890625,108.0546875,0.1640625,0.0015206372194062274,0.00021709544907445839,1097,17130,16033,0.6822034210686434955604831728,107.90246887976707,107.83088108629566,0,1,
157,09:40:00,20230103,570640394,108.0546875,108.1015625,0.046875,0.00043380811221169837,0.0002184670482082384,17130,15486,-1644,0.6784930954858308036812014786,107.94228760381365,107.84441515698089,0,0,
158,09:50:00,20230103,570640394,108.1015625,108.09375,-0.0078125,-7.22700007227E-05,0.0002175475699221658,15486,12773,-2713,0.6753276703232804230875684848,107.97258008305093,107.85688189913184,0,0,
159,10:00:00,20230103,570640394,108.09375,108.0234375,-0.0703125,-0.0006504770164787511,0.00022025337896314448,12773,21297,8524,0.6752777797665204308950053084,107.98275156644074,107.86520967917525,0,0,
160,10:10:00,20230103,570640394,108.0234375,108.0546875,0.03125,0.0002892890721053012,0.00022068217208825105,21297,17141,-4156,0.6722955876939520827980462324,107.9971387531526,107.87468357021649,0,0,
161,10:20:00,20230103,570640394,108.0546875,108.0625,0.0078125,7.230135203528306E-05,0.00021976624110026978,17141,10511,-6630,0.6705332192665579305015737250,108.01021100252207,107.88407439170567,0,0,
162,10:30:00,20230103,570640394,108.0625,108.046875,-0.015625,-0.00014459224985540774,0.0002193050509699332,10511,12099,1588,0.6673463886032033318383549752,108.01754380201766,107.89221442212039,0,0,
163,10:40:00,20230103,570640394,108.046875,107.9921875,-0.0546875,-0.0005061460592913955,0.00022105408150847872,12099,12969,870,0.6637156592163208455252791834,108.01247254161413,107.89721307601437,0,0,
164,10:50:00,20230103,570640394,107.9921875,108.0234375,0.03125,0.00028937278448961875,0.00022146813425381897,12969,6605,-6364,0.6626671316625614308625205091,108.0146655332913,107.90352429721365,0,0,
165,11:00:00,20230103,570640394,108.0234375,108.0390625,0.015625,0.0001446445360526506,0.00022100534149357097,6605,7124,519,0.6591485154220068872520328829,108.01954492663305,107.91030120735297,0,0,
166,11:10:00,20230103,570640394,108.0390625,108.0234375,-0.015625,-0.00014462361703666208,0.0002205479658980206,7124,8647,1523,0.6564816643763163673389252277,108.02032344130643,107.91595802198533,0,0,
167,11:20:00,20230103,570640394,108.0234375,108.0234375,0,0,0.00021923518038672286,8647,5727,-2920,0.6545840912076272488802940437,108.02094625304514,107.92133199588606,0,0,
168,11:30:00,20230103,570640394,108.0234375,108.03125,0.0078125,7.23222680263253E-05,0.0002183658732129927,5727,6863,1136,0.6518845323957436648871695581,108.02300700243612,107.92682789609175,0,0,
169,11:40:00,20230103,570640394,108.03125,108.09375,0.0625,0.0005785363031530228,0.00022048452280087525,6863,6383,-480,0.6484613307896616147015016160,108.03715560194888,107.93517400128715,0,0,
170,11:50:00,20230103,570640394,108.09375,108.0859375,-0.0078125,-7.227522405319457E-05,0.00021961780175556718,6383,5067,-1316,0.6458748472534131824287892076,108.0469119815591,107.9427121762228,0,0,
171,12:00:00,20230103,570640394,108.0859375,108.03125,-0.0546875,-0.0005059631369714493,0.00022128260021612463,5067,7685,2618,0.6451236942719312673061228497,108.0437795852473,107.94713906741165,0,0,
172,12:10:00,20230103,570640394,108.03125,108.0234375,-0.0078125,-7.231703789412785E-05,0.00022042152760154662,7685,2933,-4752,0.6449689181782123329739860363,108.03971116819783,107.95095398904108,0,0,
173,12:20:00,20230103,570640394,108.0234375,108.078125,0.0546875,0.0005062558761842771,0.00022206425374282667,2933,5342,2409,0.6459825642488537915005962290,108.04739393455827,107.95731253958904,0,0,
174,12:30:00,20230103,570640394,108.078125,108.046875,-0.03125,-0.00028914269191846175,0.0002224475591038303,5342,5631,289,0.6426003758141130556026487668,108.04729014764662,107.96179066260959,0,0,
175,12:40:00,20230103,570640394,108.046875,108.015625,-0.03125,-0.00028922631959508316,0.00022282698387934879,5631,5513,-118,0.6390683022317834288044673167,108.04095711811729,107.96448237947911,0,0,
176,12:50:00,20230103,570640394,108.015625,108.015625,0,0,0.00022156807436590612,5513,4725,-788,0.6362652885535807808844518337,108.03589069449384,107.96703951050515,0,0,
177,13:00:00,20230103,570640394,108.015625,108.046875,0.03125,0.0002893099956603501,0.00022194864695744795,4725,3543,-1182,0.6340961505850703841307760297,108.03808755559507,107.97103128497989,0,0,
178,13:10:00,20230103,570640394,108.046875,108.0234375,-0.0234375,-0.00021691973969631235,0.00022192055250347512,3543,3990,447,0.6312585423000691867568128298,108.03515754447605,107.9736515957309,0,0,
179,13:20:00,20230103,570640394,108.0234375,108.046875,0.0234375,0.00021696680407897592,0.00022189303167889456,3990,3678,-312,0.6281859697801899385597094001,108.03750103558085,107.97731276594436,0,0,
180,13:30:00,20230103,570640394,108.046875,108.0546875,0.0078125,7.230657989877079E-05,0.0002210665871939215,3678,7957,4279,0.6311429756042001972668156956,108.04093832846468,107.98118150264713,0,1,
181,13:40:00,20230103,570640394,108.0546875,108.03125,-0.0234375,-0.00021690405610584918,0.00022104371614398705,7957,7553,-404,0.6279541290589075591103151283,108.03900066277174,107.98368492751477,0,0,
182,13:50:00,20230103,570640394,108.03125,108.015625,-0.015625,-0.0001446340757882557,0.00022062617712564973,7553,13156,5603,0.6285763711985835907136079898,108.03432553021739,107.98528193113903,0,0,
183,14:00:00,20230103,570640394,108.015625,108.015625,0,0,0.00021942712181518425,13156,6878,-6278,0.6277536556829779794040764541,108.03058542417392,107.98679908458207,0,0,
184,14:10:00,20230103,570640394,108.015625,108.015625,0,0,0.00021824102926483192,6878,4943,-1935,0.6258811050170965379555557199,108.02759333933915,107.98824038035296,0,0,
185,14:20:00,20230103,570640394,108.015625,108.03125,0.015625,0.00014465499783017504,0.0002178454054399144,4943,5377,434,0.6229882008536118358057638866,108.02832467147132,107.99039086133531,0,0,
186,14:30:00,20230103,570640394,108.03125,108.0078125,-0.0234375,-0.00021695111368238358,0.0002178406231310506,5377,13134,7757,0.6273712906866301969964487183,108.02422223717706,107.99126194326855,0,1,
187,14:40:00,20230103,570640394,108.0078125,108.0234375,0.015625,0.00014466546112115733,0.00021745139354589158,13134,7031,-6103,0.6265058680982376374031277625,108.02406528974164,107.99287072110513,0,0,
188,14:50:00,20230103,570640394,108.0234375,108.046875,0.0234375,0.00021696680407897592,0.00021744882958045817,7031,14065,7034,0.6284842851021494829574105033,108.02862723179331,107.99557093504988,0,1,
189,15:00:00,20230103,570640394,108.046875,108.125,0.078125,0.0007230657989877079,0.00022010997152470686,14065,17354,3289,0.6264072250351815586668812019,108.04790178543465,108.00204238829738,0,0,
190,15:10:00,20230103,570640394,108.125,108.140625,0.015625,0.00014450867052023122,0.0002197141531948405,17354,13448,-3906,0.6243060238143876620716501867,108.06644642834772,108.00897151888252,0,0,
191,15:20:00,20230103,570640394,108.140625,108.140625,0,0,0.0002185698086469507,13448,11370,-2078,0.6218592274319268696987371018,108.08128214267818,108.0155541929384,0,0,
192,15:30:00,20230103,570640394,108.140625,108.1484375,0.0078125,7.224389539083947E-05,0.00021781164329329208,11370,5351,-6019,0.6213800373918245148477864404,108.09471321414254,108.02219835829148,0,0,
193,15:40:00,20230103,570640394,108.1484375,108.1953125,0.046875,0.0004334320595246695,0.0002189230887377837,5351,9111,3760,0.6217990701768289046439412152,108.11483307131402,108.03085406537691,0,0,
194,15:50:00,20230103,570640394,108.1953125,108.21875,0.0234375,0.00021662213878258357,0.0002189112889944237,9111,11660,2549,0.6200450836863476390280129074,108.13561645705121,108.04024886210807,0,0,
195,09:30:00,20230104,570640394,108.21875,108.34375,0.125,0.001155067860236789,0.00022368759803137456,11660,23196,11536,0.6219293707676902662416393687,108.17724316564097,108.05542391900266,0,1,
196,09:40:00,20230104,570640394,108.34375,108.3515625,0.0078125,7.210845111047014E-05,0.00022291816073735982,23196,11709,-11487,0.6212861490490132005704749314,108.21210703251279,108.07023084805253,0,0,
197,09:50:00,20230104,570640394,108.3515625,108.3984375,0.046875,0.00043261951113995244,0.00022397725846666584,11709,13256,1547,0.6188156159275453425705941132,108.24937312601023,108.0866411806499,0,0,
198,10:00:00,20230104,570640394,108.3984375,108.4296875,0.03125,0.0002882882882882883,0.0002243004294707946,13256,19729,6473,0.6181597946497867771646886825,108.28543600080818,108.10379349661741,0,0,
199,10:10:00,20230104,570640394,108.4296875,108.3671875,-0.0625,-0.000576410404207796,0.0002260609793444796,19729,15153,-4576,0.6162287098029507380023687111,108.30178630064654,108.11696319678654,0,0,
200,10:20:00,20230104,570640394,108.3671875,108.375,0.0078125,7.209285559801023E-05,0.00022529496877857677,15153,10017,-5136,0.6148491778318276323096385741,108.31642904051724,108.12986503694722,0,0,
201,10:30:00,20230104,570640394,108.375,108.40625,0.03125,0.0002883506343713956,0.00022560712553893725,10017,6160,-3857,0.6137115354800922075847176478,108.33439323241379,108.14368428509985,0,0,
202,10:40:00,20230104,570640394,108.40625,108.4296875,0.0234375,0.00021620063418852694,0.0002255607881431224,6160,13622,7462,0.6166556344992229669741346231,108.35345208593102,108.15798444584486,0,1,
203,10:50:00,20230104,570640394,108.4296875,108.3984375,-0.03125,-0.000288205202103898,0.00022586786860371444,13622,8620,-5002,0.6154328133372515542161819234,108.36244916874482,108.17000709855262,0,0,
204,11:00:00,20230104,570640394,108.3984375,108.375,-0.0234375,-0.00021621621621621621,0.0002258207873725559,8620,10733,2113,0.6136264464927226037338416551,108.36495933499585,108.180256743625,0,0,
205,11:10:00,20230104,570640394,108.375,108.359375,-0.015625,-0.0001441753171856978,0.00022542445013863912,10733,8832,-1901,0.6115074700620761754214346233,108.36384246799668,108.18921265644374,0,0,
206,11:20:00,20230104,570640394,108.359375,108.375,0.015625,0.00014419610670511897,0.00022503204268243854,8832,6535,-2297,0.6098097382876392044696682585,108.36607397439734,108.19850202362156,0,0,
207,11:30:00,20230104,570640394,108.375,108.375,0,0,0.0002239501578618499,6535,5117,-1418,0.6079211600405453590506160529,108.36785917951786,108.20732692244049,0,0,
208,11:40:00,20230104,570640394,108.375,108.3671875,-0.0078125,-7.20876585928489E-05,0.0002232235430328116,5117,5803,686,0.6056538957700000703822388523,108.3677248436143,108.21531995131846,0,0,
209,11:50:00,20230104,570640394,108.3671875,108.3359375,-0.03125,-0.00028837142239204093,0.00022353377102976032,5803,6544,741,0.6033778894701770638844272671,108.36136737489143,108.22135082875255,0,0,
210,12:00:00,20230104,570640394,108.3359375,108.3046875,-0.03125,-0.00028845460445662364,0.00022384145270476914,6544,6005,-539,0.6009086365611827253737987459,108.35003139991315,108.22551766231491,0,0,
211,12:10:00,20230104,570640394,108.3046875,108.3671875,0.0625,0.0005770756690471038,0.0002255076518384594,6005,11561,5556,0.6024384494823726910738681366,108.35346261993053,108.23260115419916,0,1,
212,12:20:00,20230104,570640394,108.3671875,108.3828125,0.015625,0.00014418571119602047,0.00022512585868990335,11561,4020,-7541,0.6026724436848066835028801218,108.35933259594442,108.2401117214892,0,0,
213,12:30:00,20230104,570640394,108.3828125,108.375,-0.0078125,-7.208246233691343E-05,0.00022441070263217908,4020,3246,-774,0.6007559243845638290047148987,108.36246607675554,108.24685613541475,0,0,
214,12:40:00,20230104,570640394,108.375,108.4375,0.0625,0.0005767012687427913,0.0002260492634047866,3246,6180,2934,0.6021658117155869211983997136,108.37747286140443,108.25638832864401,0,1,
215,12:50:00,20230104,570640394,108.4375,108.40625,-0.03125,-0.00028818443804034583,0.00022633692625032158,6180,11521,5341,0.6033791157456103486428096154,108.38322828912354,108.2638814122118,0,0,
216,13:00:00,20230104,570640394,108.40625,108.2734375,-0.1328125,-0.0012251369270683194,0.00023093969123104969,11521,29277,17756,0.6077008048940956924462853723,108.36127013129882,108.26435921660122,0,1,
217,13:10:00,20230104,570640394,108.2734375,108.375,0.1015625,0.000938018616061765,0.0002341831725376126,29277,10195,-19082,0.6079029774883442321636027052,108.36401610503906,108.26989125577116,0,0,
218,13:20:00,20230104,570640394,108.375,108.390625,0.015625,0.0001441753171856978,0.0002337721777643162,10195,6229,-3966,0.6069034854571562026447419826,108.36933788403124,108.2759279429826,0,0,
219,13:30:00,20230104,570640394,108.390625,108.3828125,-0.0078125,-7.207726683004181E-05,0.00023303720089643313,6229,7757,1528,0.6052598524422897962565328013,108.372032807225,108.28127217083347,0,0,
220,13:40:00,20230104,570640394,108.3828125,108.3203125,-0.0625,-0.0005766596986953074,0.00023459205382764974,7757,4649,-3108,0.6043341081427927768079997146,108.36168874578,108.28322418729181,0,0,
221,13:50:00,20230104,570640394,108.3203125,108.3125,-0.0078125,-7.21240533717995E-05,0.00023386021598775854,4649,16250,11601,0.6128523119328591830104569023,108.351850996624,108.28468797792722,0,1,
222,14:00:00,20230104,570640394,108.3125,108.3125,0,0,0.00023281151546763405,16250,8201,-8049,0.6123252750045641952977504726,108.3439807972992,108.28607857903087,0,0,
223,14:10:00,20230104,570640394,108.3125,108.3828125,0.0703125,0.0006491633006347375,0.00023467022879427292,8201,12694,4493,0.6120374836745040376919506291,108.35174713783935,108.29091527507933,0,0,
224,14:20:00,20230104,570640394,108.3828125,108.3984375,0.015625,0.00014416492467382686,0.00023426798299818204,12694,12383,-311,0.6094262049189190179085143175,108.36108521027148,108.29629138632536,0,0,
225,14:30:00,20230104,570640394,108.3984375,108.40625,0.0078125,7.207207207207208E-05,0.0002335503019763851,12383,6695,-5688,0.6087621040871653168243269850,108.37011816821718,108.3017893170091,0,0,
226,14:40:00,20230104,570640394,108.40625,108.3984375,-0.0078125,-7.206687806284232E-05,0.000232838921254299,6695,9427,2732,0.6078779790501605352981444047,108.37578203457375,108.30662172615864,0,0,
227,14:50:00,20230104,570640394,108.3984375,108.390625,-0.0078125,-7.207207207207208E-05,0.00023213380349472782,9427,13622,4195,0.6071635949702287495138184916,108.378750627659,108.31082188985071,0,0,
228,15:00:00,20230104,570640394,108.390625,108.4453125,0.0546875,0.0005045408678102926,0.00023332335399392243,13622,16252,2630,0.6053553261440220879209683579,108.3920630021272,108.31754642035817,0,0,
229,15:10:00,20230104,570640394,108.4453125,108.4375,-0.0078125,-7.204091924212953E-05,0.00023262212601674073,16252,10972,-5280,0.6041358816447517246819578875,108.40115040170176,108.32354409934027,0,0,
230,15:20:00,20230104,570640394,108.4375,108.4296875,-0.0078125,-7.204610951008646E-05,0.00023192699174614915,10972,6896,-4076,0.6031287612401144125773127530,108.4068578213614,108.32885126937326,0,0,
231,15:30:00,20230104,570640394,108.4296875,108.4296875,0,0,0.0002309273064368985,6896,4794,-2102,0.6018429234121432817686398412,108.41142375708912,108.3338930809046,0,0,
232,15:40:00,20230104,570640394,108.4296875,108.4453125,0.015625,0.000144102601051949,0.00023055466821636224,4794,3353,-1441,0.6005499669314585427146373780,108.4182015056713,108.33946405185937,0,0,
233,15:50:00,20230104,570640394,108.4453125,108.453125,0.0078125,7.204091924212953E-05,0.00022987725903271167,3353,7095,3742,0.6027528111261952621039300651,108.42518620453704,108.3451470992664,0,1,
234,09:30:00,20230105,570640394,108.453125,107.9375,-0.515625,-0.004754358161648178,0.00024913036925660725,7095,12539,5444,0.6034530158283736883947687535,108.32764896362963,108.32476474430307,0,0,
235,09:40:00,20230105,570640394,107.9375,107.984375,0.046875,0.00043427909669947886,0.0002499148977627211,12539,13512,973,0.6012248161620201765453720896,108.2589941709037,108.30774525708792,-1,0,
236,09:50:00,20230105,570640394,107.984375,107.9765625,-0.0078125,-7.234843003906815E-05,0.0002491656721605116,13512,9603,-3909,0.5999086709521422819077313278,108.20250783672296,108.29118611923352,0,0,
237,10:00:00,20230105,570640394,107.9765625,107.984375,0.0078125,7.235366471311772E-05,0.0002484227645661948,9603,10510,907,0.5977848935580184995405439275,108.15888126937837,108.27584556327184,0,0,
238,10:10:00,20230105,570640394,107.984375,108.03125,0.046875,0.0004340905802344089,0.00024919961735141746,10510,14974,4464,0.5970608494194237464143436892,108.1333550155027,108.26361578510824,0,0,
239,10:20:00,20230105,570640394,108.03125,108.0546875,0.0234375,0.00021695111368238358,0.00024906524858612985,14974,7443,-7531,0.5966686726577016360956778956,108.11762151240217,108.25316937085283,0,0,
240,10:30:00,20230105,570640394,108.0546875,108.0625,0.0078125,7.230135203528306E-05,0.0002483317884344666,7443,21171,13728,0.6018460539892424955751854278,108.10659720992173,108.24363590231019,0,1,
241,10:40:00,20230105,570640394,108.0625,108.078125,0.015625,0.00014459224985540774,0.0002479031126552143,21171,10427,-10744,0.6014561391226551021554048511,108.10090276793738,108.23536035719468,0,0,
242,10:50:00,20230105,570640394,108.078125,108.1171875,0.0390625,0.0003614283648980772,0.00024837029476320964,10427,9231,-1196,0.5994530365559047556348867729,108.10415971434992,108.22945171433496,0,0,
243,11:00:00,20230105,570640394,108.1171875,108.1484375,0.03125,0.00028903822530529664,0.0002485369666096936,9231,14130,4899,0.5991713098987358625078142217,108.11301527147994,108.2254010036182,0,0,
244,11:10:00,20230105,570640394,108.1484375,108.1328125,-0.015625,-0.00014447735317488984,0.00024811223349363316,14130,9590,-4540,0.5980371502416539156478302782,108.11697471718395,108.22077157843728,0,0,
245,11:20:00,20230105,570640394,108.1328125,108.1484375,0.015625,0.00014449822989668376,0.0002476910383570602,9590,9170,-420,0.5957841358928583964963332529,108.12326727374716,108.21715487451542,0,0,
246,11:30:00,20230105,570640394,108.1484375,108.125,-0.0234375,-0.00021671602976233476,0.0002475656334639641,9170,5500,-3670,0.5949923705755115157172254529,108.12361381899773,108.21254713078964,0,0,
247,11:40:00,20230105,570640394,108.125,108.1015625,-0.0234375,-0.00021676300578034682,0.00024744142932007856,5500,6538,1038,0.5933542048583815206025298957,108.11920355519818,108.20699789925017,0,0,
248,11:50:00,20230105,570640394,108.1015625,108.0859375,-0.015625,-0.0001445400014454,0.0002470281705735939,6538,9325,2787,0.5926832126660796742561782361,108.11255034415855,108.20094487928766,0,0,
249,12:00:00,20230105,570640394,108.0859375,108.1015625,0.015625,0.00014456089627755693,0.0002466183014764098,9325,3490,-5835,0.5928154288770775539505744347,108.11035277532683,108.19597576032328,0,0,
250,12:10:00,20230105,570640394,108.1015625,108.0625,-0.0390625,-0.00036135000361350004,0.0002470753998912986,3490,5634,2144,0.5929011309435611888513295749,108.10078222026146,108.18930197230712,0,0,
251,12:20:00,20230105,570640394,108.0625,108.1953125,0.1328125,0.0012290341237709659,0.0002509720614939957,5634,37409,31775,0.6129287657601396553768545967,108.11968827620916,108.18960249869177,0,1,
252,12:30:00,20230105,570640394,108.1953125,108.171875,-0.0234375,-0.00021662213878258357,0.000250836291048496,37409,9813,-27596,0.6134218672597448565551138123,108.13012562096733,108.18871612375717,0,0,
253,12:40:00,20230105,570640394,108.171875,108.1796875,0.0078125,7.222302470027445E-05,0.0002501330892124794,9813,4747,-5066,0.6130393163998378730191425947,108.14003799677387,108.18826469256932,0,0,
254,12:50:00,20230105,570640394,108.1796875,108.1796875,0,0,0.00024915217513713634,4747,5136,389,0.6109565994434525973790298549,108.1479678974191,108.18783583294086,0,0,
255,13:00:00,20230105,570640394,108.1796875,108.1640625,-0.015625,-0.00014443561782335524,0.00024874312608512937,5136,6747,1611,0.6097953167280448349695834401,108.15118681793527,108.18664716629382,0,0,
256,13:10:00,20230105,570640394,108.1640625,108.125,-0.0390625,-0.00036114120621162876,0.00024918047270040757,6747,7455,708,0.6078308817481724613701685801,108.14594945434821,108.18356480797914,0,0,
257,13:20:00,20230105,570640394,108.125,108.1171875,-0.0078125,-7.225433526011561E-05,0.0002484947124777708,7455,6452,-1003,0.6059964232018388391201232920,108.14019706347858,108.18024594258019,0,0,
258,13:30:00,20230105,570640394,108.1171875,108.1328125,0.015625,0.00014451911265264832,0.0002480932622853958,6452,5888,-564,0.6039941773791085467621803265,108.13872015078286,108.17787427045117,0,0,
259,13:40:00,20230105,570640394,108.1328125,108.1640625,0.03125,0.0002889964597933675,0.00024825058227581105,5888,9252,3364,0.6038685517804932463314896664,108.14378862062628,108.17718368192861,0,0,
260,13:50:00,20230105,570640394,108.1640625,108.125,-0.0390625,-0.00036114120621162876,0.0002486831134020019,9252,15815,6563,0.6042727341045084645321897978,108.14003089650103,108.17457449783218,0,0,
261,14:00:00,20230105,570640394,108.125,108.1171875,-0.0078125,-7.225433526011561E-05,0.0002480097211190176,15815,8693,-7122,0.6036851739106971969978467179,108.13546221720082,108.17170514794059,0,0,
262,14:10:00,20230105,570640394,108.1171875,108.140625,0.0234375,0.00021677866897897247,0.00024789097187133684,8693,9468,775,0.6017287747377226168065813007,108.13649477376066,108.17015114054355,0,0,
263,14:20:00,20230105,570640394,108.140625,108.1640625,0.0234375,0.00021673168617251842,0.0002477729442739928,9468,4831,-4637,0.6013046315155705040536060828,108.14200831900853,108.16984670851637,0,0,
264,14:30:00,20230105,570640394,108.1640625,108.1640625,0,0,0.00024683795203144947,4831,7215,2384,0.6008977446451216176516478406,108.14641915520681,108.16955749809055,0,0,
265,14:40:00,20230105,570640394,108.1640625,108.140625,-0.0234375,-0.00021668472372697725,0.00024672459403030485,7215,7419,204,0.5987450254106453268876501962,108.14526032416545,108.16811087318602,0,0,
266,14:50:00,20230105,570640394,108.140625,108.1484375,0.0078125,7.224389539083947E-05,0.0002460711082676102,7419,8176,757,0.5968846894155958826879566889,108.14589575933236,108.16712720452672,0,0,
267,15:00:00,20230105,570640394,108.1484375,108.1328125,-0.015625,-0.00014447735317488984,0.0002456920270918911,8176,10041,1865,0.5955086519685987049558719132,108.1432791074659,108.16541146930038,0,0,
268,15:10:00,20230105,570640394,108.1328125,108.109375,-0.0234375,-0.00021674734484502565,0.0002455844260426463,10041,4217,-5824,0.5954510804377426128530244762,108.13649828597272,108.16260964583536,0,0,
269,15:20:00,20230105,570640394,108.109375,108.09375,-0.015625,-0.00014452955629426219,0.0002452101487472819,4217,3906,-311,0.5935188509203518395295268131,108.12794862877817,108.15916666354359,0,0,
270,15:30:00,20230105,570640394,108.09375,108.09375,0,0,0.00024430531425005946,3906,4246,340,0.5916499458280868462414995641,108.12110890302253,108.1558958303664,0,0,
271,15:40:00,20230105,570640394,108.09375,108.1015625,0.0078125,7.227522405319457E-05,0.00024367285068315923,4246,1832,-2414,0.5915649647472892991131110746,108.11719962241803,108.1531791638481,0,0,
272,15:50:00,20230105,570640394,108.1015625,108.09375,-0.0078125,-7.22700007227E-05,0.0002430450014159048,1832,3875,2043,0.5934829490247317667699579733,108.11250969793443,108.15020770565569,0,1,
273,09:30:00,20230106,570640394,108.09375,108.828125,0.734375,0.006793871061000289,0.0002669531257209573,3875,41383,37508,0.6266435363310931177506656850,108.25563275834755,108.1841035703729,1,1,BUY
274,09:40:00,20230106,570640394,108.828125,108.890625,0.0625,0.000574300071787509,0.00026807075097938114,41383,44333,2950,0.6246240518731369849959441987,108.38263120667804,108.21942964185425,0,0,
275,09:50:00,20230106,570640394,108.890625,108.921875,0.03125,0.00028698522026115655,0.0002681392816651847,44333,37419,-6914,0.6229259794381618460887355801,108.49047996534243,108.25455190976153,0,0,
276,10:00:00,20230106,570640394,108.921875,108.9609375,0.0390625,0.0003586286042174724,0.0002684659579198861,37419,34197,-3222,0.6209880011331002581255177592,108.58457147227394,108.28987118927346,0,0,
277,10:10:00,20230106,570640394,108.9609375,108.9296875,-0.03125,-0.00028680002868000285,0.0002685319078147067,34197,22469,-11728,0.6199878790437642389653618943,108.65359467781916,108.32186200480977,0,0,
278,10:20:00,20230106,570640394,108.9296875,108.921875,-0.0078125,-7.172057663343613E-05,0.0002678264908570677,22469,25025,2556,0.6181734304862479830062853879,108.70725074225533,108.35186265456929,0,0,
279,10:30:00,20230106,570640394,108.921875,108.890625,-0.03125,-0.00028690288337397793,0.0002678946208303424,25025,22030,-2995,0.6163930979476553819252617984,108.74392559380426,108.37880077184082,0,0,
280,10:40:00,20230106,570640394,108.890625,108.8671875,-0.0234375,-0.00021523891519586742,0.00026770723397755066,22030,18668,-3362,0.6147426245640961060649720419,108.76857797504341,108.40322010824877,0,0,
281,10:50:00,20230106,570640394,108.8671875,108.9296875,0.0625,0.0005740940078937926,0.00026879371189923945,18668,11041,-7627,0.6140114808700737668346395394,108.80079988003473,108.42954347783633,0,0,
282,11:00:00,20230106,570640394,108.9296875,108.90625,-0.0234375,-0.0002151617299003084,0.0002686041995953563,11041,7882,-3159,0.6128528374327198103609303177,108.82188990402778,108.45337880394452,0,0,
283,11:10:00,20230106,570640394,108.90625,108.9140625,0.0078125,7.173601147776183E-05,0.0002679110017498718,7882,7392,-490,0.6109138026625335518036966614,108.84032442322223,108.47641298874728,0,0,
284,11:20:00,20230106,570640394,108.9140625,108.90625,-0.0078125,-7.17308657915501E-05,0.00026722265039563206,7392,6799,-593,0.6090517256758996146810923639,108.85350953857778,108.49790483930992,0,0,
285,11:30:00,20230106,570640394,108.90625,108.9140625,0.0078125,7.173601147776183E-05,0.000266539130679136,6799,5947,-852,0.6073603299426364746470186843,108.86562013086223,108.51871272234442,0,0,
286,11:40:00,20230106,570640394,108.9140625,108.8984375,-0.015625,-0.0001434617315831002,0.00026611028956730314,5947,9416,3469,0.6072765633597906400917656213,108.87218360468978,108.5376989612272,0,0,
287,11:50:00,20230106,570640394,108.8984375,108.9453125,0.046875,0.00043044694741373125,0.0002666809029626032,9416,11502,2086,0.6059371926814108327207776807,108.88680938375182,108.55807963816585,0,0,
288,12:00:00,20230106,570640394,108.9453125,108.921875,-0.0234375,-0.00021513087128002868,0.0002665025291505528,11502,6480,-5022,0.6053513190676684393720192024,108.89382250700146,108.57626940625757,0,0,
289,12:10:00,20230106,570640394,108.921875,108.953125,0.03125,0.00028690288337397793,0.0002665728751995991,6480,7138,658,0.6036140497256300765116899748,108.90568300560116,108.59511218594469,0,0,
290,12:20:00,20230106,570640394,108.953125,108.96875,0.015625,0.0001434102968593145,0.0002661496360987734,7138,6080,-1058,0.6020491244349485070373695605,108.91829640448093,108.61379407664745,0,0,
291,12:30:00,20230106,570640394,108.96875,108.96875,0,0,0.00026523816474227077,6080,11840,5760,0.6032317247658309833110339402,108.92838712358474,108.63154187281508,0,1,
292,12:40:00,20230106,570640394,108.96875,108.984375,0.015625,0.00014338973329509606,0.00026482229978852615,11840,8042,-3798,0.6022677155585313111052864763,108.93958469886779,108.64918352917432,0,0,
293,12:50:00,20230106,570640394,108.984375,109.0234375,0.0390625,0.00035842293906810036,0.00026514066930988526,8042,15625,7583,0.6034264125995245537227401194,108.95635525909424,108.6678962277156,0,1,
294,13:00:00,20230106,570640394,109.0234375,109.0078125,-0.015625,-0.00014331780723754928,0.00026472771045540276,15625,11343,-4282,0.6023098756076617586253748987,108.96664670727539,108.68489204132982,0,0,
295,13:10:00,20230106,570640394,109.0078125,109.015625,0.0078125,7.166917508779473E-05,0.00026407548567375545,11343,10152,-1191,0.6006297702089822219757661307,108.9764423658203,108.70142868926334,0,0,
296,13:20:00,20230106,570640394,109.015625,109.03125,0.015625,0.00014332807797047442,0.00026366892874546156,10152,10784,632,0.5988170563130085678094981257,108.98740389265623,108.71791975480016,0,0,
297,13:30:00,20230106,570640394,109.03125,109.0390625,0.0078125,7.165376898824878E-05,0.00026302458257177966,10784,8652,-2132,0.5974710269184545291407091580,108.99773561412498,108.73397689206016,0,0,
298,13:40:00,20230106,570640394,109.0390625,109.0234375,-0.015625,-0.00014329727018700295,0.0002626241567778506,8652,14357,5705,0.5976780974413647428032468605,109.00287599129999,108.74844992245716,0,0,
299,13:50:00,20230106,570640394,109.0234375,109.03125,0.0078125,7.165890361877464E-05,0.00026198760593398705,14357,24957,10600,0.5981468897970180423290470009,109.00855079304,108.76258992633429,0,0,
300,14:00:00,20230106,570640394,109.03125,109.0703125,0.0390625,0.0003582688449412439,0.0002623074771599248,24957,23855,-1102,0.5963063883300211626085648445,109.02090313443199,108.77797605501756,0,0,
301,14:10:00,20230106,570640394,109.0703125,109.0625,-0.0078125,-7.162810686913545E-05,0.0002616760885165778,23855,7991,-15864,0.5965339096136021999694930636,109.0292225075456,108.79220225226668,0,0,
302,14:20:00,20230106,570640394,109.0625,109.0859375,0.0234375,0.0002148997134670487,0.00026152171104116683,7991,15043,7052,0.5974776683422865345406231183,109.04056550603649,108.80688901465334,0,0,
303,14:30:00,20230106,570640394,109.0859375,109.0703125,-0.015625,-0.0001432356943350283,0.00026113261230200187,15043,14782,-261,0.5955693545075441521029325257,109.0465149048292,108.82006018892066,0,0,
304,14:40:00,20230106,570640394,109.0703125,109.0625,-0.0078125,-7.162810686913545E-05,0.000260511286054681,14782,8575,-6207,0.5949933978836638640129902724,109.04971192386336,108.83218217947463,0,0,
305,14:50:00,20230106,570640394,109.0625,109.0390625,-0.0234375,-0.0002148997134670487,0.00026036222862792403,8575,15777,7202,0.5957936919491558064532382224,109.04758203909068,108.8425261955009,0,0,
306,15:00:00,20230106,570640394,109.0390625,109.0234375,-0.015625,-0.00014329727018700295,0.0002599809095450546,15777,11412,-4365,0.5947541964319561243285742650,109.04275313127255,108.85157176072585,0,0,
307,15:10:00,20230106,570640394,109.0234375,109.03125,0.0078125,7.165890361877464E-05,0.00025936947446087837,11412,3173,-8239,0.5951672001482306646589744562,109.04045250501804,108.86055567268954,0,0,
308,15:20:00,20230106,570640394,109.03125,109.03125,0,0,0.0002585300910483836,3173,3235,62,0.5933043285219682830359528184,109.03861200401442,108.86909038905506,0,0,
309,15:30:00,20230106,570640394,109.03125,109.0390625,0.0078125,7.165376898824878E-05,0.00025792726420302835,3235,727,-2508,0.5938913161045892458961798640,109.03870210321153,108.8775889946023,0,0,
310,15:40:00,20230106,570640394,109.0390625,109.0703125,0.03125,0.0002865945403740059,0.0002580194419399125,727,3577,2850,0.6045869069934199849959179288,109.04502418256922,108.88722516987218,0,1,
311,15:50:00,20230106,570640394,109.0703125,109.078125,0.0078125,7.162810686913545E-05,0.0002574220338146857,3577,2897,-680,0.6032584343384273833257653170,109.05164434605537,108.89677016137857,0,0,
312,09:30:00,20230109,570640394,109.078125,109.109375,0.03125,0.00028649190660363845,0.00025751490880762163,2897,9075,6178,0.6081443528061620740221067541,109.06319047684428,108.90740040330964,0,1,
313,09:40:00,20230109,570640394,109.109375,109.1328125,0.0234375,0.00021480738937419447,0.0002573788975992349,9075,8872,-203,0.6062788266698542637286391474,109.07711488147544,108.91867100814416,0,0,
314,09:50:00,20230109,570640394,109.1328125,109.1640625,0.03125,0.0002863483427589663,0.00025747086409180547,8872,31557,22685,0.6124713403922786747424938690,109.09450440518036,108.93094058273695,0,1,
315,10:00:00,20230109,570640394,109.1640625,109.234375,0.0703125,0.0006440993344306878,0.0002586943719093336,31557,20865,-10692,0.6116053408238105322915171876,109.12247852414428,108.9461123036001,0,0,
316,10:10:00,20230109,570640394,109.234375,109.28125,0.046875,0.00042912315834644544,0.0002592320021504601,20865,32557,11692,0.6114436969926488421479152723,109.15423281931542,108.9628691884201,0,0,
317,10:20:00,20230109,570640394,109.28125,109.34375,0.0625,0.0005719187875321705,0.00026021529392839004,32557,23781,-8776,0.6103685847566932797067926899,109.19213625545234,108.98191322899909,0,0,
318,10:30:00,20230109,570640394,109.34375,109.3125,-0.03125,-0.0002857959416976279,0.0002602954840467889,23781,18698,-5083,0.6091252414282756323522283671,109.21620900436187,108.99844256754913,0,0,
319,10:40:00,20230109,570640394,109.3125,109.3359375,0.0234375,0.0002144082332761578,0.0002601520863881307,18698,15853,-2845,0.6076972103948385839757773486,109.2401547034895,109.01531731417168,0,0,
320,10:50:00,20230109,570640394,109.3359375,109.3359375,0,0,0.00025934164375140755,15853,15857,4,0.6058048587056746520191957257,109.2593112627916,109.03134832346309,0,0,
321,11:00:00,20230109,570640394,109.3359375,109.296875,-0.0390625,-0.0003572704537334762,0.0002596457704904823,15857,14955,-902,0.6041001336641846811034631542,109.26682401023328,109.04462465728994,0,0,
322,11:10:00,20230109,570640394,109.296875,109.2578125,-0.0390625,-0.00035739814152966406,0.00025994840941010827,14955,8974,-5981,0.6034680376860650007195037856,109.26502170818662,109.05528404942545,0,0,
323,11:20:00,20230109,570640394,109.2578125,109.28125,0.0234375,0.00021451555237754738,0.0002598081845427238,8974,10635,1661,0.6021767482510872916874933319,109.2682673665493,109.06658234695418,0,0,
324,11:30:00,20230109,570640394,109.28125,109.25,-0.03125,-0.00028595939376608524,0.00025988864980187263,10635,8832,-1803,0.6008455415048140101867601963,109.26461389323944,109.07575322960648,0,0,
325,11:40:00,20230109,570640394,109.25,109.25,0,0,0.0002590914453546276,8832,7956,-876,0.5993067048210835857756778431,109.26169111459154,109.08446556812616,0,0,
326,11:50:00,20230109,570640394,109.25,109.25,0,0,0.00025829911677556147,7956,10612,2656,0.5984948681046337304519665084,109.25935289167325,109.09274228971987,0,0,
327,12:00:00,20230109,570640394,109.25,109.234375,-0.015625,-0.00014302059496567506,0.0002579476578676045,10612,6508,-4104,0.5978492496089114541438649263,109.25435731333859,109.09982392523388,0,0,
328,12:10:00,20230109,570640394,109.234375,109.2265625,-0.0078125,-7.152052639107424E-05,0.0002573810100515664,6508,9251,2743,0.5973131766734479723297739347,109.24879835067088,109.10616085397218,0,0,
329,12:20:00,20230109,570640394,109.2265625,109.2578125,0.03125,0.00028610256777054574,0.00025746804507495723,9251,5849,-3402,0.5966175125855668694868305875,109.2506011805367,109.11374343627358,0,0,
330,12:30:00,20230109,570640394,109.2578125,109.25,-0.0078125,-7.150518412584913E-05,0.0002569062237427847,5849,6559,710,0.5951817746970890288150042924,109.25048094442937,109.1205562644599,0,0,
331,12:40:00,20230109,570640394,109.25,109.2109375,-0.0390625,-0.00035755148741418763,0.00025720937212733713,6559,7721,1162,0.5939226764378048084115130842,109.24257225554351,109.12507532623692,0,0,
332,12:50:00,20230109,570640394,109.2109375,109.234375,0.0234375,0.00021460762572430073,0.00025708143895495565,7721,9685,1964,0.5929030023206973016329775382,109.2409328044348,109.13054030992508,0,0,
333,13:00:00,20230109,570640394,109.234375,109.28125,0.046875,0.00042912315834644544,0.00025759653392319365,9685,14152,4467,0.5925087678951315142507006709,109.24899624354785,109.13807579442883,0,0,
334,13:10:00,20230109,570640394,109.28125,109.28125,0,0,0.000256827589045811,14152,9506,-4646,0.5917200635754526542003990594,109.25544699483828,109.14523450470739,0,0,
335,13:20:00,20230109,570640394,109.28125,109.3046875,0.0234375,0.00021446954532456392,0.00025670152343949777,9506,17270,7764,0.5923897875454176597198363467,109.26529509587061,109.15320715447201,0,0,
336,13:30:00,20230109,570640394,109.3046875,109.3125,0.0078125,7.147451933385748E-05,0.00025615188841247806,17270,5671,-11599,0.5926249130987417439565168953,109.27473607669648,109.16117179674842,0,0,
337,13:40:00,20230109,570640394,109.3125,109.328125,0.015625,0.0001429388221841052,0.0002558169385123941,5671,7859,2188,0.5920130719541960148656176940,109.2854138613572,109.169519456911,0,0,
338,13:50:00,20230109,570640394,109.328125,109.2890625,-0.0390625,-0.00035729598399313994,0.00025611628672915146,7859,16986,9127,0.5936925132829516055733650113,109.28614358908575,109.17549660906546,0,1,
339,14:00:00,20230109,570640394,109.2890625,109.2734375,-0.015625,-0.0001429694760168704,0.0002557835019917624,16986,15517,-1469,0.5922007205556148687499136607,109.2836023712686,109.18039365361219,0,0,
340,14:10:00,20230109,570640394,109.2734375,109.2578125,-0.015625,-0.00014298991921069565,0.00025545272902172995,15517,14135,-1382,0.5907252451512175204403418468,109.27844439701488,109.18426459593158,0,0,
341,14:20:00,20230109,570640394,109.2578125,109.234375,-0.0234375,-0.00021451555237754738,0.00025533302967481713,14135,10665,-3470,0.5897157851321837546333006728,109.2696305176119,109.18677011613501,0,0,
342,14:30:00,20230109,570640394,109.234375,109.1875,-0.046875,-0.00042912315834644544,0.0002558397064347927,10665,12352,1687,0.5884576661253141299398019660,109.25320441408951,109.18680661032825,0,0,
343,14:40:00,20230109,570640394,109.1875,109.2109375,0.0234375,0.00021465369204350316,0.0002557199796487715,12352,17158,4806,0.5878780996178706785137509090,109.24475103127162,109.18801315481184,0,0,
344,14:50:00,20230109,570640394,109.2109375,109.2421875,0.03125,0.0002861435009657343,0.0002558081637685308,17158,10958,-6200,0.5872214891157778659157590249,109.24423832501729,109.19072187207125,0,0,
345,15:00:00,20230109,570640394,109.2421875,109.2421875,0,0,0.0002550688338154426,10958,10402,-556,0.5856709622281104257963369732,109.24382816001383,109.19329515346769,0,0,
346,15:10:00,20230109,570640394,109.2421875,109.2265625,-0.015625,-0.0001430308231423872,0.00025474595770399284,10402,4400,-6002,0.5856459866085092283295636534,109.24037502801107,109.1949585207943,0,0,
347,15:20:00,20230109,570640394,109.2265625,109.2109375,-0.015625,-0.00014305128388527287,0.00025442499599761723,4400,7377,2977,0.5859073225926540555208841340,109.23448752240887,109.1957574697546,0,0,
348,15:30:00,20230109,570640394,109.2109375,109.2265625,0.015625,0.00014307175048286716,0.00025410593225688727,7377,8789,1412,0.5847769455092441040580289101,109.2329025179271,109.19729772126686,0,0,
349,15:40:00,20230109,570640394,109.2265625,109.1953125,-0.03125,-0.00028610256777054574,0.0002541973512154977,8789,7648,-1141,0.5834770724295565899801828961,109.22538451434168,109.19719846020352,0,0,
350,15:50:00,20230109,570640394,109.1953125,109.1796875,-0.015625,-0.00014309222293768333,0.0002538808123884954,7648,7593,-55,0.5818352329713360363318468364,109.21624511147334,109.19632291219335,0,0,
351,09:30:00,20230110,570640394,109.1796875,108.96875,-0.2109375,-0.0019320214669051878,0.000258648257429736,7593,15511,7918,0.5831447993018859467891955184,109.16674608917867,109.18494426658368,-1,1,SELL
352,09:40:00,20230110,570640394,108.96875,108.9609375,-0.0078125,-7.169486664754803E-05,0.00025811864442468733,15511,21673,6162,0.5826182317573011108205249776,109.12558437134294,109.17374392825451,0,0,
353,09:50:00,20230110,570640394,108.9609375,108.9609375,0,0,0.00025738949571162324,21673,23612,1939,0.5812251467976666275788841068,109.09265499707435,109.16310360684179,0,0,
354,10:00:00,20230110,570640394,108.9609375,108.9453125,-0.015625,-0.00014340001434000142,0.00025706839858099893,23612,14570,-9042,0.5806665995602644825236850780,109.06318649765947,109.1522140514997,0,0,
355,10:10:00,20230110,570640394,108.9453125,108.9140625,-0.03125,-0.0002868411617067049,0.00025715202993809364,14570,11845,-2725,0.5795608735503022981232373958,109.03336169812758,109.14030647392471,0,0,
356,10:20:00,20230110,570640394,108.9140625,108.8828125,-0.03125,-0.0002869234631662004,0.00025723542330848047,11845,15867,4022,0.5788885813381730964197991365,109.00325185850205,109.12743177522847,0,0,
357,10:30:00,20230110,570640394,108.8828125,108.875,-0.0078125,-7.175145296692258E-05,0.0002567173116594817,15867,13557,-2310,0.5776782366327089268156748828,108.97760148680163,109.11481018646704,0,0,
358,10:40:00,20230110,570640394,108.875,108.859375,-0.015625,-0.00014351320321469576,0.00025640197988108395,13557,16474,2917,0.5766684521214994446558885634,108.9539561894413,109.1020384271437,0,0,
359,10:50:00,20230110,570640394,108.859375,108.84375,-0.015625,-0.00014353380221042057,0.0002560884571653321,16474,13044,-3430,0.5756449477307002085108416362,108.93191495155304,109.08912400578652,0,0,
360,11:00:00,20230110,570640394,108.84375,108.8515625,0.0078125,7.17772035601493E-05,0.00025557789967612103,13044,10940,-2104,0.5744971783870087407405981096,108.91584446124243,109.07724593049718,0,0,
361,11:10:00,20230110,570640394,108.8515625,108.859375,0.0078125,7.177205196296562E-05,0.00025507014871558746,10940,6076,-4864,0.5741383655930765249316901174,108.90455056899395,109.06635238397233,0,0,
362,11:20:00,20230110,570640394,108.859375,108.8984375,0.0390625,0.0003588345055260514,0.0002553560009382058,6076,16627,10551,0.5773404755477264718095816596,108.90332795519515,109.05795663977372,0,1,
363,11:30:00,20230110,570640394,108.8984375,108.8828125,-0.015625,-0.00014348231580457708,0.0002550486556493772,16627,9992,-6635,0.5768506658302254047567908668,108.89922486415612,109.04919943278504,0,0,
364,11:40:00,20230110,570640394,108.8828125,108.8671875,-0.015625,-0.00014350290593384516,0.00025474305085563604,9992,6818,-3174,0.5761405383164402362810980237,108.8928173913249,109.04009883614579,0,0,
365,11:50:00,20230110,570640394,108.8671875,108.84375,-0.0234375,-0.00021528525296017224,0.0002546352426646648,6818,10171,3353,0.5759100626588505189581949215,108.88300391305991,109.0302813943385,0,0,
366,12:00:00,20230110,570640394,108.84375,108.953125,0.109375,0.0010048808498420902,0.0002566795086242763,10171,19005,8834,0.5767074407771413242186702751,108.89702813044792,109.02642357462157,0,1,
367,12:10:00,20230110,570640394,108.953125,108.9140625,-0.0390625,-0.00035852574214828624,0.00025695626469363504,19005,11089,-7916,0.5762721541660707863071973463,108.90043500435834,109.02080552089049,0,0,
368,12:20:00,20230110,570640394,108.9140625,108.8984375,-0.015625,-0.0001434617315831002,0.00025664869143317287,11089,10805,-284,0.5747798474225908810642124621,108.90003550348666,109.01468711984597,0,0,
369,12:30:00,20230110,570640394,108.8984375,108.9453125,0.046875,0.00043044694741373125,0.0002571184164493365,10805,13010,2205,0.5737779348317230159692492154,108.90909090278933,109.01121838885368,0,0,
370,12:40:00,20230110,570640394,108.9453125,108.9296875,-0.015625,-0.00014342058085335246,0.0002568119532806142,13010,9062,-3948,0.5730493120364523830872737223,108.91321022223147,109.007141844411,0,0,
371,12:50:00,20230110,570640394,108.9296875,108.9296875,0,0,0.00025612159856749423,9062,4143,-4919,0.5729680401099406551890383656,108.91650567778518,109.00326912719045,0,0,
372,13:00:00,20230110,570640394,108.9296875,108.96875,0.0390625,0.0003586028831671807,0.0002563963473197722,4143,5141,998,0.5720777457537020019650867369,108.92695454222815,109.00154317083093,0,0,
373,13:10:00,20230110,570640394,108.96875,108.9609375,-0.0078125,-7.169486664754803E-05,0.0002559024930933759,5141,7056,1915,0.5715441037153754409368308726,108.93375113378251,108.99951288728938,0,0,
374,13:20:00,20230110,570640394,108.9609375,108.9765625,0.015625,0.00014340001434000142,0.0002556024864833669,7056,6204,-852,0.5703419815703203808040832238,108.942313407026,108.99836536792492,0,0,
375,13:30:00,20230110,570640394,108.9765625,108.9453125,-0.03125,-0.0002867589074485626,0.0002556853493050828,6204,8193,1989,0.5696777731436780517119615777,108.9429132256208,108.99571272452867,0,0,
376,13:40:00,20230110,570640394,108.9453125,108.9375,-0.0078125,-7.171029042667623E-05,0.00025519735180142656,8193,11205,3012,0.5691418398049166019663593439,108.94183058049663,108.99280208830224,0,0,
377,13:50:00,20230110,570640394,108.9375,108.9609375,0.0234375,0.0002151462994836489,0.0002550913966365647,11205,8448,-2757,0.5682871017899492450548725841,108.9456519643973,108.99120885888713,0,0,
378,14:00:00,20230110,570640394,108.9609375,108.984375,0.0234375,0.00021510002151000216,0.0002549858784963891,8448,19386,10938,0.5702038754479752844658575689,108.95339657151784,108.99086716594277,0,1,
379,14:10:00,20230110,570640394,108.984375,108.984375,0,0,0.00025431486302666175,19386,5407,-13979,0.5706009373090260632611011366,108.95959225721427,108.99054255764564,0,0,
380,14:20:00,20230110,570640394,108.984375,109,0.015625,0.00014336917562724014,0.000254023666996742,5407,2621,-2786,0.5704556802528090062799190809,108.96767380577141,108.99101542976337,0,0,
381,14:30:00,20230110,570640394,109,109.0078125,0.0078125,7.167431192660551E-05,0.0002535463126640977,2621,8730,6109,0.5750638846890453131075160894,108.97570154461714,108.9918552832752,0,1,
382,14:40:00,20230110,570640394,109.0078125,109.046875,0.0390625,0.0003583458754389737,0.00025381994076533756,8730,11829,3099,0.5744892604936938000382017849,108.98993623569372,108.99460626911144,0,0,
383,14:50:00,20230110,570640394,109.046875,109.0234375,-0.0234375,-0.00021493050580312365,0.0002537186661951235,11829,12815,986,0.5732102636378073345806372435,108.99663648855497,108.99604783065587,1,0,
384,15:00:00,20230110,570640394,109.0234375,109.0234375,0,0,0.00025305965667253875,12815,8959,-3856,0.5725029574618024496816195813,109.00199669084398,108.99741731412307,0,0,
385,15:10:00,20230110,570640394,109.0234375,109,-0.0234375,-0.0002149767108563239,0.0002529609961911496,8959,5195,-3764,0.5721082248671151123334417193,109.00159735267518,108.99754644841691,0,0,
386,15:20:00,20230110,570640394,109,109.0390625,0.0390625,0.00035837155963302754,0.00025323337490805366,5195,3018,-2177,0.5717127431113100309176636631,109.00909038214014,108.99962225099607,0,0,
387,15:30:00,20230110,570640394,109.0390625,109.015625,-0.0234375,-0.00021494590528050442,0.00025313469586262183,3018,2787,-231,0.5704365266483097391345910430,109.0103973057121,109.00042238844627,0,0,
388,15:40:00,20230110,570640394,109.015625,108.9765625,-0.0390625,-0.00035832019492618606,0.00025340509560314514,2787,6465,3678,0.5723626502318509885426782554,109.00363034456967,108.99922939402396,0,1,
389,15:50:00,20230110,570640394,108.9765625,108.953125,-0.0234375,-0.00021506918058642195,0.0002533067983851535,6465,6478,13,0.5709002096608279585623389868,108.99352927565573,108.99692417432276,-1,0,
