N-term, time, date, conId, Previous Price, Current Price, Difference in Price ($), Difference in Price (%), cumulativeAggregatedAvg, Previous Volume, Current Volume, Difference in Volume, cumulativeAggregatedAvgVolume, SMA 5, SMA20, Crossing SMA Condition, Volume Condition, Order
0,09:30:00,20221227,570640399,102.734375,102.71875,-0.015625,-0.0001520912547528517,0.0001520912547528517,2652,2652,0,0,,,0,0,
1,09:40:00,20221227,570640399,102.71875,102.70703125,-0.01171875,-0.00011408579251597201,0.00013308852363441186,2652,4404,1752,0.3303167420814479638009049774,,,0,1,
2,09:50:00,20221227,570640399,102.70703125,102.6875,-0.01953125,-0.0001901646826151447,0.00015211390996132282,4404,4537,133,0.2302777675032844130455927218,,,0,0,
3,10:00:00,20221227,570640399,102.6875,102.6953125,0.0078125,7.608034083992696E-05,0.00013310551768097386,4537,8087,3550,0.3683221673731102130242209906,,,0,1,
4,10:10:00,20221227,570640399,102.6953125,102.6875,-0.0078125,-7.607455306200075E-05,0.00012169932475717924,8087,2893,-5194,0.4231108067314299287970199234,69.04467,,0,0,
5,10:20:00,20221227,570640399,102.6875,102.671875,-0.015625,-0.00015216068167985393,0.00012677621757762502,2893,6133,3240,0.5392497879577217375301816564,75.770111,,0,1,
6,10:30:00,20221227,570640399,102.671875,102.6484375,-0.0234375,-0.00022827575711459444,0.00014127615179719208,6133,7841,1708,0.5019988748752240687995999299,81.1457763,,0,0,
7,10:40:00,20221227,570640399,102.6484375,102.6484375,0,0,0.00012361663282254307,7841,5632,-2209,0.4744645492487632869564411643,85.44630853999999,,0,0,
8,10:50:00,20221227,570640399,102.6484375,102.640625,-0.0078125,-7.610929294466855E-05,0.00011833803950277924,5632,5869,237,0.4264219288776885783047153784,88.885171832,,0,0,
9,11:00:00,20221227,570640399,102.640625,102.6484375,0.0078125,7.611508601004719E-05,0.00011411574415350603,5869,4019,-1850,0.4153012899173349530521957915,91.6378249656,,0,0,
10,11:10:00,20221227,570640399,102.6484375,102.625,-0.0234375,-0.00022832787883400563,0.0001244986654880969,4019,7913,3894,0.4656282395389556823987818965,93.83525997248,,0,1,
11,11:20:00,20221227,570640399,102.625,102.625,0,0,0.00011412377669742216,7913,4284,-3629,0.4650435870739007483785876892,95.59320797798401,,0,0,
12,11:30:00,20221227,570640399,102.625,102.60546875,-0.01953125,-0.00019031668696711327,0.0001199847697950907,4284,6195,1911,0.4635847289430275384731458006,96.9956601323872,,0,0,
13,11:40:00,20221227,570640399,102.60546875,102.61328125,0.0078125,7.614116572124719E-05,0.00011685308378981616,6195,3950,-2245,0.4563564642618093256189876289,98.11918435590975,,0,0,
14,11:50:00,20221227,570640399,102.61328125,102.59375,-0.01953125,-0.00019033842171380715,0.00012175210631808224,3950,10109,6159,0.5298820670662962988477639811,99.0140974847278,,0,1,
15,12:00:00,20221227,570640399,102.59375,102.6328125,0.0390625,0.0003807493146512336,0.0001379394318389042,10109,8791,-1318,0.5049131172692516524617957468,99.73784048778224,,0,0,
16,12:10:00,20221227,570640399,102.6328125,102.63671875,0.00390625,3.806043997868615E-05,0.00013206419702359724,8791,4131,-4660,0.5063939685816634688462554789,100.3176161402258,,0,0,
17,12:20:00,20221227,570640399,102.63671875,102.65234375,0.015625,0.0001522359657469077,0.00013318485084155894,4131,5857,1726,0.5014729986226697924455469958,100.78456166218064,,0,0,
18,12:30:00,20221227,570640399,102.65234375,102.640625,-0.01171875,-0.00011415959511396932,0.00013218352159273845,5857,3327,-2530,0.4978145121248850726379072956,101.15577432974452,,0,0,
19,12:40:00,20221227,570640399,102.640625,102.63671875,-0.00390625,-3.8057543005023594E-05,0.0001274772226633527,3327,2041,-1286,0.4922505072881027967637516363,101.45196321379561,65.84766662978771,0,0,
20,12:50:00,20221227,570640399,102.63671875,102.640625,0.00390625,3.8058991436726926E-05,0.000123219211652561,2041,1945,-96,0.4710498053591926498190975897,101.6896955710365,67.68731454829833,0,0,
21,13:00:00,20221227,570640399,102.640625,102.65234375,0.01171875,0.00011417262901507079,0.00012280800335085688,1945,3672,1727,0.4899983477423749423197251940,101.88222520682919,69.43556600838342,0,1,
22,13:10:00,20221227,570640399,102.65234375,102.640625,-0.01171875,-0.00011415959511396932,0.000122431985601427,3672,3115,-557,0.4752892218909256576247594022,102.03390516546335,71.09581895796424,0,0,
23,13:20:00,20221227,570640399,102.640625,102.6484375,0.0078125,7.611508601004719E-05,0.0001205021147851195,3115,4026,911,0.4676711650933034877009883276,102.15681163237068,72.67344988506603,0,0,
24,13:30:00,20221227,570640399,102.6484375,102.6484375,0,0,0.00011568203019371472,4026,3776,-250,0.4514481734324426845069080593,102.25513680589654,74.17219926581274,0,0,
25,13:40:00,20221227,570640399,102.6484375,102.62890625,-0.01953125,-0.00019027323236167135,0.00011855092258478999,3776,5430,1654,0.4509320768010775486621182448,102.32989069471722,75.5950346150221,0,0,
26,13:50:00,20221227,570640399,102.62890625,102.625,-0.00390625,-3.806188863091387E-05,0.00011556984725316494,5430,6486,1056,0.4414336716647986380200385635,102.38891255577377,76.946532884271,0,0,
27,14:00:00,20221227,570640399,102.625,102.6484375,0.0234375,0.00022838002436053592,0.00011959878214985677,6486,4595,-1891,0.4360807202837037304928482959,102.44081754461902,78.23162811505745,0,0,
28,14:10:00,20221227,570640399,102.6484375,102.63671875,-0.01171875,-0.00011416393941700282,0.00011941137377975835,4595,3581,-1014,0.4286529246309806158508863589,102.47999778569522,79.45188264680458,0,0,
29,14:20:00,20221227,570640399,102.63671875,102.64453125,0.0078125,7.611798287345385E-05,0.00011796826074954821,3581,3435,-146,0.4157235182910053614027617750,102.51290447855618,80.61151507696434,0,0,
30,14:30:00,20221227,570640399,102.64453125,102.65234375,0.0078125,7.611218936712714E-05,0.00011661806489850237,3435,4797,1362,0.4151036160951129501108569368,102.54079233284494,81.71355651061613,0,0,
31,14:40:00,20221227,570640399,102.65234375,102.65234375,0,0,0.00011297375037042417,4797,1465,-3332,0.4238379028471959132800135664,102.56310261627596,82.76049587258532,0,0,
32,14:50:00,20221227,570640399,102.65234375,102.65625,0.00390625,3.805319837132311E-05,0.00011070343061287565,1465,4353,2888,0.4707316348221438497169725099,102.58173209302076,83.75528357895605,0,1,
33,15:00:00,20221227,570640399,102.65625,102.65234375,-0.00390625,-3.805175038051751E-05,0.00010856661648839453,4353,2124,-2229,0.4719471940282303068066200732,102.5958544244166,84.70013658750825,0,0,
34,15:10:00,20221227,570640399,102.65234375,102.65625,0.00390625,3.805319837132311E-05,0.00010655194739933535,2124,2754,630,0.4669375647557530244329684585,102.60793353953328,85.59794225813285,0,0,
35,15:20:00,20221227,570640399,102.65625,102.65625,0,0,0.00010359217108268714,2754,1263,-1491,0.4690058083878705118322221185,102.61759683162663,86.45085764522621,0,0,
36,15:30:00,20221227,570640399,102.65625,102.6640625,0.0078125,7.610350076103501E-05,0.00010284923404696682,1263,1036,-227,0.4611875649093684370543638117,102.6268899653013,87.26151788796489,0,0,
37,15:40:00,20221227,570640399,102.6640625,102.66796875,0.00390625,3.804885472947264E-05,0.00010114396090703275,1036,2089,1053,0.4757986623172604889546807973,102.63510572224104,88.03184043106664,0,1,
38,15:50:00,20221227,570640399,102.66796875,102.671875,0.00390625,3.804740706920823E-05,9.952610055221674E-05,2089,1459,-630,0.4713315095195685843330813547,102.64245957779282,88.76384215951332,0,0,
39,09:30:00,20221228,570640399,102.671875,102.671875,0,0,9.703794803841132E-05,1459,2937,1478,0.4848737872373710078330476724,102.64834266223426,89.45924380153765,0,1,
40,09:40:00,20221228,570640399,102.671875,102.6484375,-0.0234375,-0.00022827575711459444,0.00010023887021100116,2937,4217,1280,0.4836773256653657373977631111,102.64836162978742,90.11870348646077,0,0,
41,09:50:00,20221228,570640399,102.6484375,102.65625,0.0078125,7.610929294466855E-05,9.966435646656467E-05,4217,4371,154,0.4730306953463009129648760043,102.64993930382994,90.74558081213773,0,0,
42,10:00:00,20221228,570640399,102.65625,102.6484375,-0.0078125,-7.610350076103501E-05,9.911642958969188E-05,4371,5064,693,0.4657170734868004990817803739,102.64963894306396,91.34072364653085,0,0,
43,10:10:00,20221228,570640399,102.6484375,102.63671875,-0.01171875,-0.00011416393941700282,9.945841844940349E-05,5064,7513,2449,0.4661237262400266689827294269,102.64705490445117,91.9055234017043,0,0,
44,10:20:00,20221228,570640399,102.63671875,102.63671875,0,0,9.724823137275008E-05,7513,3544,-3969,0.4675050724836005620449260751,102.64498767356093,92.44208316911909,0,0,
45,10:30:00,20221228,570640399,102.63671875,102.63671875,0,0,9.513413938638594E-05,3544,6779,3235,0.4771856227284609482954952060,102.64333388884874,92.95181494816313,0,1,
46,10:40:00,20221228,570640399,102.63671875,102.63671875,0,0,9.311000876114369E-05,6779,2670,-4109,0.4799292605069689289224779029,102.642010861079,93.43606013825497,0,0,
47,10:50:00,20221228,570640399,102.63671875,102.63671875,0,0,9.11702169119532E-05,2670,3986,1316,0.4801991487283047042016366420,102.6409524388632,93.89609306884222,0,0,
48,11:00:00,20221228,570640399,102.63671875,102.63671875,0,0,8.930960024028068E-05,3986,3836,-150,0.4711671602030017430675258069,102.64010570109056,94.33312435290011,0,0,
49,11:10:00,20221228,570640399,102.63671875,102.63671875,0,0,8.752340823547507E-05,3836,1455,-2381,0.4741577898873671513761440082,102.63942831087245,94.7483040727551,0,0,
50,11:20:00,20221228,570640399,102.63671875,102.640625,0.00390625,3.8058991436726926E-05,8.655351771000942E-05,1455,1317,-138,0.4667202912782960752323223044,102.63966764869797,95.14292011911735,0,0,
51,11:30:00,20221228,570640399,102.640625,102.62890625,-0.01171875,-0.00011417262901507079,8.708465446587598E-05,1317,2430,1113,0.4739968723247665510941153002,102.63751536895836,95.5172194256615,0,1,
52,11:40:00,20221228,570640399,102.62890625,102.6484375,0.01953125,0.00019030944315456933,8.903229198830415E-05,2430,3488,1058,0.4732684586299984579257116960,102.63969979516668,95.87378032937842,0,0,
53,11:50:00,20221228,570640399,102.6484375,102.64453125,-0.00390625,-3.8054646472334275E-05,8.808826151578619E-05,3488,3577,89,0.4649767474525146264758471743,102.64066608613334,96.2123178754095,0,0,
54,12:00:00,20221228,570640399,102.64453125,102.6640625,0.01953125,0.00019028047341781786,8.994630173218676E-05,3577,2555,-1022,0.4617174299663650098905720309,102.64534536890667,96.53490510663902,0,0,
55,12:10:00,20221228,570640399,102.6640625,102.66015625,-0.00390625,-3.804885472947264E-05,8.901956160713829E-05,2555,1395,-1160,0.4615798283898758947083633956,102.64830754512535,96.84116766380706,0,0,
56,12:20:00,20221228,570640399,102.66015625,102.64453125,-0.015625,-0.0001522012099996195,9.01280115789362E-05,1395,3882,2487,0.4847590541887330050256850715,102.64755228610028,97.1313358431167,0,1,
57,12:30:00,20221228,570640399,102.64453125,102.6484375,0.00390625,3.805609468356357E-05,8.923021990832633E-05,3882,665,-3217,0.4906890109815315023985744928,102.64772932888022,97.40719092596088,0,0,
58,12:40:00,20221228,570640399,102.6484375,102.6484375,0,0,8.771784329971063E-05,665,1180,515,0.4954982835110913737100297741,102.64787096310417,97.66925325466283,0,1,
59,12:50:00,20221228,570640399,102.6484375,102.6484375,0,0,8.625587924471545E-05,1180,388,-792,0.4984264194638726191764445321,102.64798427048333,97.9182124669297,0,0,
60,13:00:00,20221228,570640399,102.6484375,102.64453125,-0.00390625,-3.8054646472334275E-05,8.546569510090592E-05,388,2468,2080,0.5781378673786950555360667867,102.64729366638667,98.15452840608322,0,1,
61,13:10:00,20221228,570640399,102.64453125,102.63671875,-0.0078125,-7.611218936712714E-05,8.531483210519981E-05,2468,2417,-51,0.5691463615447259320649068241,102.64517868310934,98.37863792327906,0,0,
62,13:20:00,20221228,570640399,102.63671875,102.64453125,0.0078125,7.611798287345385E-05,8.516885037136257E-05,2417,1304,-1113,0.5674216289570788910800779349,102.64504919648746,98.5919325896151,0,0,
63,13:30:00,20221228,570640399,102.64453125,102.62890625,-0.015625,-0.00015222437873425428,8.621659300203275E-05,1304,1048,-256,0.5616231506672012205235161343,102.64182060718997,98.79378127263435,0,0,
64,13:40:00,20221228,570640399,102.62890625,102.640625,0.01171875,0.0001141856658927416,8.664688643112057E-05,1048,1699,651,0.5625394592124268975771179413,102.64158148575198,98.98612345900263,0,0,
65,13:50:00,20221228,570640399,102.640625,102.63671875,-0.00390625,-3.8057543005023594E-05,8.591068425799789E-05,1699,4285,2586,0.5770778281174698524437638883,102.64060893860159,99.1686532235525,0,1,
66,14:00:00,20221228,570640399,102.63671875,102.63671875,0,0,8.46284352392218E-05,4285,3458,-827,0.5713453058043562199607128834,102.63983090088126,99.34205649987487,0,0,
67,14:10:00,20221228,570640399,102.63671875,102.63671875,0,0,8.33838994268803E-05,3458,761,-2697,0.5744127365384108256124660851,102.63920847070501,99.50678961238113,0,0,
68,14:20:00,20221228,570640399,102.63671875,102.6484375,0.01171875,0.00011417697431018078,8.383017587446437E-05,761,1619,858,0.5824279702601398503836274728,102.641054276564,99.66387200676208,0,1,
69,14:30:00,20221228,570640399,102.6484375,102.64453125,-0.00390625,-3.8054646472334275E-05,8.317623974014823E-05,1619,1169,-450,0.5780782757057308993753234679,102.6417496712512,99.81290496892397,0,0,
70,14:40:00,20221228,570640399,102.64453125,102.640625,-0.00390625,-3.805609468356357E-05,8.254074473935126E-05,1169,2744,1575,0.5889124604031368991901434882,102.64152473700096,99.95429097047777,0,1,
71,14:50:00,20221228,570640399,102.640625,102.640625,0,0,8.139434550686028E-05,2744,3070,326,0.5823831854631354432287643492,102.64134478960078,100.08860767195388,0,0,
72,15:00:00,20221228,570640399,102.640625,102.64453125,0.00390625,3.8057543005023594E-05,8.0800690678068E-05,3070,5094,2024,0.5834366128899712568438984059,102.64198208168062,100.21640385085618,0,0,
73,15:10:00,20221228,570640399,102.64453125,102.63671875,-0.0078125,-7.611218936712714E-05,8.073733255224447E-05,5094,2428,-2666,0.5826247778056072632150323884,102.6409294153445,100.33741959581337,0,0,
74,15:20:00,20221228,570640399,102.63671875,102.6484375,0.01171875,0.00011417697431018078,8.11831944423503E-05,2428,671,-1757,0.5845049921904946084369648506,102.6424310322756,100.45297049102271,0,0,
75,15:30:00,20221228,570640399,102.6484375,102.64453125,-0.00390625,-3.8054646472334275E-05,8.061571354800798E-05,671,63,-608,0.5887366407558757778961145209,102.64285107582049,100.56254852897158,0,0,
76,15:40:00,20221228,570640399,102.64453125,102.640625,-0.00390625,-3.805609468356357E-05,8.006299122509311E-05,63,334,271,0.6369554805069332559403414401,102.6424058606564,100.666452352523,0,1,
77,15:50:00,20221228,570640399,102.640625,102.64453125,0.00390625,3.8057543005023594E-05,7.952445983765632E-05,334,839,505,0.6481736929094622092842661276,102.64283093852512,100.76535629739683,0,1,
78,09:30:00,20221229,570640399,102.64453125,102.59765625,-0.046875,-0.0004566731362027629,8.429849371569564E-05,839,6756,5917,0.7292403978724072645249912331,102.6337960008201,100.856971295027,0,1,
79,09:40:00,20221229,570640399,102.59765625,102.60546875,0.0078125,7.614696363982486E-05,8.419659958974726E-05,6756,5489,-1267,0.7224691054508079759682808261,102.62813055065607,100.94439616777564,0,0,
80,09:50:00,20221229,570640399,102.60546875,102.59375,-0.01171875,-0.00011421174858187079,8.456715698471175E-05,5489,3023,-2466,0.7190961802067857339981680001,102.62125444052485,101.02686385938686,0,0,
81,10:00:00,20221229,570640399,102.59375,102.6015625,0.0078125,7.614986293024673E-05,8.446450705721827E-05,3023,4976,1953,0.7182053362189642625400119854,102.61731605241988,101.10559879141752,0,0,
82,10:10:00,20221229,570640399,102.6015625,102.59375,-0.0078125,-7.614406457016675E-05,8.436426076219356E-05,4976,2955,-2021,0.7144456275619271926275669489,102.6126028419359,101.18000635184664,0,0,
83,10:20:00,20221229,570640399,102.59375,102.6015625,0.0078125,7.614986293024673E-05,8.426647031181324E-05,2955,1780,-1175,0.7106740264441869023438893229,102.61039477354872,101.2510841592543,0,0,
84,10:30:00,20221229,570640399,102.6015625,102.61328125,0.01171875,0.00011421609685525013,8.461881885938309E-05,1780,2150,370,0.7047586281158944192892156746,102.61097206883898,101.31919401379159,0,0,
85,10:40:00,20221229,570640399,102.61328125,102.62109375,0.0078125,7.613536868552285E-05,8.45201740899196E-05,2150,1920,-230,0.6978076759771752575722237130,102.61299640507119,101.38428900060201,0,0,
86,10:50:00,20221229,570640399,102.62109375,102.62109375,0,0,8.354867783601248E-05,1920,1723,-197,0.6909662563299280323894012182,102.61461587405695,101.4461292380719,0,0,
87,11:00:00,20221229,570640399,102.62109375,102.6328125,0.01171875,0.00011419435879867534,8.38969242105882E-05,1723,3469,1746,0.6946296944422554607661295838,102.61825519924555,101.50546340116831,0,0,
88,11:10:00,20221229,570640399,102.6328125,102.6328125,0,0,8.295426214080631E-05,3469,2558,-911,0.6897755597143761567754134058,102.62116665939644,101.5618308561099,0,0,
89,11:20:00,20221229,570640399,102.6328125,102.62890625,-0.00390625,-3.806043997868615E-05,8.245544189456053E-05,2558,1275,-1283,0.6876843170693002545556605282,102.62271457751714,101.61518462580442,0,0,
90,11:30:00,20221229,570640399,102.62890625,102.62109375,-0.0078125,-7.612377726182774E-05,8.23858631623327E-05,1275,2399,1124,0.6898149138866813549688605526,102.62239041201371,101.6654800820142,0,0,
91,11:40:00,20221229,570640399,102.62109375,102.63671875,0.015625,0.00015225914506490046,8.314535535692583E-05,2399,1129,-1270,0.6880711348736227047587626111,102.62525607961098,101.71404201541348,0,0,
92,11:50:00,20221229,570640399,102.63671875,102.625,-0.01171875,-0.00011417697431018078,8.347902867900384E-05,1129,1424,295,0.6834821246040690981445484622,102.6252048636888,101.7595899146428,0,0,
93,12:00:00,20221229,570640399,102.625,102.63671875,0.01171875,0.00011419001218026796,8.380574126944282E-05,1424,2613,1189,0.6850937180669232518936681355,102.62750764095104,101.80344635641066,0,0,
94,12:10:00,20221229,570640399,102.63671875,102.6484375,0.01171875,0.00011417697431018078,8.412543845934533E-05,2613,1817,-796,0.6810888441155913669572242221,102.63169361276084,101.84569591359013,0,0,
95,12:20:00,20221229,570640399,102.6484375,102.6328125,-0.015625,-0.0001522185858893371,8.483474207840774E-05,1817,2815,998,0.6797155959171069746796531548,102.63191739020867,101.88505174291063,0,0,
96,12:30:00,20221229,570640399,102.6328125,102.62109375,-0.01171875,-0.00011418131993605846,8.513728411817733E-05,2815,675,-2140,0.6805454675455091056286442971,102.62975266216694,101.9218538432651,0,0,
97,12:40:00,20221229,570640399,102.62109375,102.625,0.00390625,3.8064786266225115E-05,8.465695250744313E-05,675,594,-81,0.6748256158358610535303928247,102.62880212973354,101.95701115110184,0,0,
98,12:50:00,20221229,570640399,102.625,102.62890625,0.00390625,3.806333739342265E-05,8.418630993053383E-05,594,909,315,0.6733657917395698338283717157,102.62882295378682,101.99060590604675,0,0,
99,13:00:00,20221229,570640399,102.62890625,102.6328125,0.00390625,3.806188863091387E-05,8.372506571753763E-05,909,1949,1040,0.6780732779365855766342024100,102.62962086302946,102.02271623574441,0,1,
100,13:10:00,20221229,570640399,102.6328125,102.62109375,-0.01171875,-0.00011418131993605846,8.402661278900813E-05,1949,1421,-528,0.6740419401157259060803257812,102.62791544042356,102.05263511145719,0,0,
101,13:20:00,20221229,570640399,102.62109375,102.6171875,-0.00390625,-3.8064786266225115E-05,8.357600664662791E-05,1421,1107,-314,0.6696000695957631174301060869,102.62576985233885,102.08086273088433,0,0,
102,13:30:00,20221229,570640399,102.6171875,102.6171875,0,0,8.276458910636938E-05,1107,1667,560,0.6680104740208908590654616141,102.62405338187108,102.10767896934011,0,0,
103,13:40:00,20221229,570640399,102.6171875,102.60546875,-0.01171875,-0.00011419870574800152,8.306684022792354E-05,1667,1876,209,0.6627928245112188027340617911,102.62033645549687,102.1325684583731,0,0,
104,13:50:00,20221229,570640399,102.60546875,102.61328125,0.0078125,7.614116572124719E-05,8.300088142309805E-05,1876,5605,3729,0.6754113678212855786812183556,102.6189254143975,102.15660409795444,0,1,
105,14:00:00,20221229,570640399,102.61328125,102.60546875,-0.0078125,-7.613536868552285E-05,8.293611243500772E-05,5605,4854,-751,0.6703035955885447548404625801,102.616234081518,102.17904733055671,0,0,
106,14:10:00,20221229,570640399,102.60546875,102.60546875,0,0,8.216100858047494E-05,4854,1228,-3626,0.6710205037883784092501687953,102.6140810152144,102.20036840152888,0,0,
107,14:20:00,20221229,570640399,102.60546875,102.609375,0.00390625,3.8070582860623596E-05,8.175276389788372E-05,1228,2515,1287,0.6745114769255773424254673289,102.61313981217151,102.22081873145244,0,1,
108,14:30:00,20221229,570640399,102.609375,102.609375,0,0,8.10027385410224E-05,2515,1421,-1094,0.6723140327303165146719880200,102.61238684973722,102.24024654487982,0,0,
109,14:40:00,20221229,570640399,102.609375,102.61328125,0.00390625,3.806913354652048E-05,8.061243304107238E-05,1421,3238,1817,0.6778264232331008549742790124,102.61256572978978,102.25889828013584,0,1,
110,14:50:00,20221229,570640399,102.61328125,102.6171875,0.00390625,3.806768434276143E-05,8.022914701676327E-05,3238,6311,3073,0.6802698123832581076204828323,102.61349008383182,102.27681274112905,0,0,
111,15:00:00,20221229,570640399,102.6171875,102.62109375,0.00390625,3.806623524933384E-05,7.985269244741123E-05,6311,2536,-3775,0.6795367063751108506807957961,102.61501081706545,102.29402679157259,0,0,
112,15:10:00,20221229,570640399,102.62109375,102.6171875,-0.00390625,-3.8064786266225115E-05,7.94828879679317E-05,2536,959,-1577,0.6790261640697338332980925699,102.61544615365236,102.31018482699396,0,0,
113,15:20:00,20221229,570640399,102.6171875,102.61328125,-0.00390625,-3.806623524933384E-05,7.911958399671592E-05,959,1689,730,0.6797470713439149544757367646,102.61501317292188,102.32533964814426,0,0,
114,15:30:00,20221229,570640399,102.61328125,102.62109375,0.0078125,7.613536868552285E-05,7.909363429835772E-05,1689,1478,-211,0.6749225402166728386978928158,102.61622928833751,102.34012735323705,0,0,
115,15:40:00,20221229,570640399,102.62109375,102.625,0.00390625,3.8064786266225115E-05,7.873993733256347E-05,1478,322,-1156,0.6758468116316777238199386514,102.61798343067,102.35437098557519,0,0,
116,15:50:00,20221229,570640399,102.625,102.62109375,-0.00390625,-3.806333739342265E-05,7.839227408522039E-05,322,663,341,0.6791216782944849588608151114,102.618605494536,102.36770712379642,0,1,
117,09:30:00,20221230,570640399,102.62109375,102.50390625,-0.1171875,-0.0011419435879867536,8.740542081319948E-05,663,7492,6829,0.7606558236442146987728134699,102.5956656456288,102.3745170801066,0,1,
118,09:40:00,20221230,570640399,102.50390625,102.484375,-0.01953125,-0.00019054151899698945,8.827211071390359E-05,7492,6426,-1066,0.7554594310430956827207266294,102.57340751650304,102.38000997610126,0,0,
119,09:50:00,20221230,570640399,102.484375,102.4921875,0.0078125,7.623113279463333E-05,8.8171769231243E-05,6426,3183,-3243,0.7533695069017390419162300668,102.55716351320243,102.3856188522962,0,0,
120,10:00:00,20221230,570640399,102.4921875,102.484375,-0.0078125,-7.622532205198568E-05,8.807303826281938E-05,3183,4204,1021,0.7497942760382202050934931605,102.54260581056194,102.3905566596814,0,0,
121,10:10:00,20221230,570640399,102.484375,102.48046875,-0.00390625,-3.8115566397316666E-05,8.766355078851199E-05,4204,3350,-854,0.7453135021919522523587576135,102.53017839844955,102.39505226419732,0,0,
122,10:20:00,20221230,570640399,102.48046875,102.5,0.01953125,0.0001905850962454736,8.85003113206824E-05,3350,3491,141,0.7395962343061543151050218096,102.52414271875963,102.40029965098745,0,0,
123,10:30:00,20221230,570640399,102.5,102.484375,-0.015625,-0.0001524390243902439,8.901594610350145E-05,3491,2993,-498,0.7347821722157033288961722537,102.51618917500771,102.40450341843807,0,0,
124,10:40:00,20221230,570640399,102.484375,102.484375,0,0,8.830381853467344E-05,2993,1347,-1646,0.7333035139024614977878896114,102.50982634000617,102.40849699751617,0,0,
125,10:50:00,20221230,570640399,102.484375,102.48828125,0.00390625,3.8115566397316666E-05,8.790549907326585E-05,1347,5037,3690,0.7492250807398389995995564118,102.50551732200495,102.41248621014036,0,1,
126,11:00:00,20221230,570640399,102.48828125,102.47265625,-0.015625,-0.0001524564546251477,8.841377431383185E-05,5037,4244,-793,0.7445653161760573319074340767,102.49894510760396,102.41549471213335,0,0,
127,11:10:00,20221230,570640399,102.47265625,102.47265625,0,0,8.772304170200504E-05,4244,3073,-1171,0.7409040163964950319755170500,102.49368733608316,102.41835278902668,0,0,
128,11:20:00,20221230,570640399,102.47265625,102.48046875,0.0078125,7.623985056989288E-05,8.763402471648478E-05,3073,5920,2847,0.7423424056623781065327112069,102.49104361886653,102.42145858707535,0,0,
129,11:30:00,20221230,570640399,102.48046875,102.4765625,-0.00390625,-3.8117019249094724E-05,8.725312467442794E-05,5920,6569,649,0.7374753746832704163161394159,102.48814739509322,102.42421378272158,0,0,
130,11:40:00,20221230,570640399,102.4765625,102.484375,0.0078125,7.623694442326752E-05,8.716903169541145E-05,6569,10378,3809,0.7362720872828220887391432312,102.48739291607458,102.4272218435855,0,0,
131,11:50:00,20221230,570640399,102.484375,102.57421875,0.08984375,0.0008766580271382833,9.315000893361502E-05,10378,46823,36445,0.7572984778104087612771060923,102.50475808285967,102.43457168890623,0,1,
132,12:00:00,20221230,570640399,102.57421875,102.54296875,-0.03125,-0.00030465745077878063,9.474029045124786E-05,46823,31070,-15753,0.7541341074586301675634777989,102.51240021628773,102.43999154196092,0,0,
133,12:10:00,20221230,570640399,102.54296875,102.53125,-0.01171875,-0.00011428136071006819,9.488611933377637E-05,31070,4985,-26085,0.7547715830869082398734285468,102.51617017303019,102.44455446486288,0,0,
134,12:20:00,20221230,570640399,102.53125,102.53125,0,0,9.418325919056321E-05,4985,4706,-279,0.7495952595359765743943705709,102.51918613842415,102.44888924161974,0,0,
135,12:30:00,20221230,570640399,102.53125,102.5234375,-0.0078125,-7.619628162145687E-05,9.405100200255507E-05,4706,5479,773,0.7452913119918896988176663824,102.52003641073932,102.45261665453874,0,0,
136,12:40:00,20221230,570640399,102.5234375,102.50390625,-0.01953125,-0.0001905052198430237,9.475504738825193E-05,5479,4650,-829,0.7409556453544384567696316245,102.51681037859146,102.4551811343118,0,0,
137,12:50:00,20221230,570640399,102.50390625,102.51171875,0.0078125,7.621660759879578E-05,9.462071086803848E-05,4650,3281,-1369,0.7377197972152797551583198167,102.51579205287317,102.45800801509621,0,0,
138,13:00:00,20221230,570640399,102.51171875,102.5,-0.01171875,-0.00011431619860534237,9.476240502442196E-05,3281,3991,710,0.7339692766583708182078935619,102.51263364229854,102.4601076143414,0,0,
139,13:10:00,20221230,570640399,102.5,102.51171875,0.01171875,0.00011432926829268293,9.490216833348096E-05,3991,1862,-2129,0.7325369979900392902423501907,102.51245066383882,102.46268817112433,0,0,
140,13:20:00,20221230,570640399,102.51171875,102.5078125,-0.00390625,-3.810539953511413E-05,9.449935437037199E-05,1862,1024,-838,0.7305335703850943551141373484,102.51152303107105,102.46494438756811,0,0,
141,13:30:00,20221230,570640399,102.5078125,102.5078125,0,0,9.383386595931303E-05,1024,734,-290,0.7273833559809739723316434234,102.51078092485685,102.4670877931897,0,0,
142,13:40:00,20221230,570640399,102.5078125,102.5078125,0,0,9.317768507847867E-05,734,1275,541,0.7274510053846625939690795786,102.51018723988548,102.46912402853022,0,0,
143,13:50:00,20221230,570640399,102.5078125,102.50390625,-0.00390625,-3.810685161191982E-05,9.27952487349609E-05,1275,1221,-54,0.7226933799387723717070394018,102.50893104190838,102.47086313960371,0,0,
144,14:00:00,20221230,570640399,102.50390625,102.4921875,-0.01171875,-0.00011432491139819366,9.294372916712113E-05,1221,1504,283,0.7193077513307617469175548351,102.50558233352672,102.47192935762352,0,0,
145,14:10:00,20221230,570640399,102.4921875,102.5,0.0078125,7.622532205198568E-05,9.282921952934623E-05,1504,1582,78,0.7147362030485487183391338096,102.50446586682138,102.47333288974235,0,0,
146,14:20:00,20221230,570640399,102.5,102.4921875,-0.0078125,-7.621951219512195E-05,9.271622832299096E-05,1582,760,-822,0.7134087149244020510170816854,102.5020101934571,102.47427562025524,0,0,
147,14:30:00,20221230,570640399,102.4921875,102.49609375,0.00390625,3.811266102599284E-05,9.234728530071395E-05,760,957,197,0.7103398082446141281972649884,102.50082690476567,102.47536652674248,0,0,
148,14:40:00,20221230,570640399,102.49609375,102.5,0.00390625,3.811120850642174E-05,9.198328478531602E-05,957,902,-55,0.7059581401649040742627465857,102.50066152381254,102.47659820040535,0,0,
149,14:50:00,20221230,570640399,102.5,102.5,0,0,9.137006288674724E-05,902,1247,345,0.7038016416990597026811871074,102.50052921905004,102.47776829038509,0,0,
150,15:00:00,20221230,570640399,102.5,102.5,0,0,9.076496313253037E-05,1247,336,-911,0.7039788051844114212468390279,102.50042337524003,102.47887987586583,0,0,
151,15:10:00,20221230,570640399,102.5,102.5078125,0.0078125,7.621951219512195E-05,9.066926937636321E-05,336,160,-176,0.7027934809648397922223454127,102.50190120019204,102.48032650707253,0,0,
152,15:20:00,20221230,570640399,102.5078125,102.5234375,0.015625,0.0001524274064476793,9.10729173310777E-05,160,406,246,0.7082490791284682903123954427,102.50620846015363,102.48248205671891,0,1,
153,15:30:00,20221230,570640399,102.5234375,102.53125,0.0078125,7.620208793720948E-05,9.097635350384479E-05,406,555,149,0.7060331440295277534646756463,102.51121676812289,102.48492045388296,0,0,
154,15:40:00,20221230,570640399,102.53125,102.52734375,-0.00390625,-3.8098140810728434E-05,9.063520374453436E-05,555,618,63,0.7022104367358760486907971809,102.51444216449832,102.4870416186888,0,0,
155,15:50:00,20221230,570640399,102.52734375,102.53125,0.00390625,3.809959233436202E-05,9.029843700472556E-05,618,275,-343,0.7012668838159651346785688113,102.51780373159866,102.48925203775437,0,0,
156,09:30:00,20230103,570640399,102.53125,102.55078125,0.01953125,0.00019049070405364218,9.093660431076961E-05,275,8081,7806,0.8775992893041089583719884657,102.52439923527893,102.49232849836666,0,1,
157,09:40:00,20230103,570640399,102.55078125,102.55859375,0.0078125,7.618176970251019E-05,9.084321928160341E-05,8081,8121,40,0.8720761917923126487814314326,102.53123813822315,102.49564176094833,0,0,
158,09:50:00,20230103,570640399,102.55859375,102.5625,0.00390625,3.8087983241287376E-05,9.051142534424293E-05,8121,6836,-1285,0.8675866040757509812506691147,102.53749051057852,102.49898467290092,0,0,
159,10:00:00,20230103,570640399,102.5625,102.54296875,-0.01953125,-0.00019043266301035954,9.113593307965616E-05,6836,8496,1660,0.8636818882098737927378056217,102.53858615846282,102.50118387675587,0,0,
160,10:10:00,20230103,570640399,102.54296875,102.55078125,0.0078125,7.618757380671213E-05,9.104308612765029E-05,8496,6472,-2024,0.8597970923525385997473882119,102.54102517677026,102.50366374541808,0,0,
161,10:20:00,20230103,570640399,102.55078125,102.55078125,0,0,9.048109176883764E-05,6472,4798,-1674,0.8560863242367943969730773185,102.5429763914162,102.50601962064718,0,0,
162,10:30:00,20230103,570640399,102.55078125,102.54296875,-0.0078125,-7.618176970251019E-05,9.039336586659022E-05,4798,4475,-323,0.8512472652939218049719663942,102.54297486313297,102.50786707711482,0,0,
163,10:40:00,20230103,570640399,102.54296875,102.5390625,-0.00390625,-3.8093786903356064E-05,9.007446599486319E-05,4475,4412,-63,0.8461425759463399817300403149,102.54219239050637,102.50942684825908,0,0,
164,10:50:00,20230103,570640399,102.5390625,102.5390625,0,0,8.952856014034886E-05,4412,2940,-1472,0.8430364726947736584802354606,102.5415664124051,102.51090863084613,0,0,
165,11:00:00,20230103,570640399,102.5390625,102.5390625,0,0,8.898923146480458E-05,2940,5039,2099,0.8422588167040297961822027333,102.54106562992408,102.51231632430382,0,0,
166,11:10:00,20230103,570640399,102.5390625,102.52734375,-0.01171875,-0.00011428571428571428,8.914070740983997E-05,5039,4561,-478,0.8377833752344724558405061468,102.53832125393927,102.51306769558863,0,0,
167,11:20:00,20230103,570640399,102.52734375,102.53515625,0.0078125,7.619918466872404E-05,8.906367453638095E-05,4561,2753,-1808,0.8351561188182150184689390451,102.53768825315142,102.51417212330921,0,0,
168,11:30:00,20230103,570640399,102.53515625,102.5390625,0.00390625,3.809668939769134E-05,8.876209474266089E-05,2753,3423,670,0.8316544309444021667636557518,102.53796310252113,102.51541664214375,0,0,
169,11:40:00,20230103,570640399,102.5390625,102.55859375,0.01953125,0.00019047619047619048,8.936041295285812E-05,3423,3079,-344,0.8273535027645759245323278942,102.5420892320169,102.51757549753655,0,0,
170,11:50:00,20230103,570640399,102.55859375,102.5546875,-0.00390625,-3.8087983241287376E-05,8.906057418261502E-05,3079,3492,413,0.8232995902293445623492787201,102.54460888561353,102.51943109765973,0,0,
171,12:00:00,20230103,570640399,102.5546875,102.5390625,-0.015625,-0.00015235773596404358,8.942858093715821E-05,3492,3563,71,0.8186311750992783791602558351,102.54349960849082,102.52041266777675,0,0,
172,12:10:00,20230103,570640399,102.5390625,102.53515625,-0.00390625,-3.809523809523809E-05,8.91318564120604E-05,3563,1074,-2489,0.8179371719018709711908269562,102.54183093679265,102.52114984688792,0,0,
173,12:20:00,20230103,570640399,102.53515625,102.5546875,0.01953125,0.0001904834469884567,8.971433681767187E-05,1074,1925,851,0.8177902053431763853528437580,102.54440224943411,102.52282672954352,0,0,
174,12:30:00,20230103,570640399,102.5546875,102.546875,-0.0078125,-7.617886798202179E-05,8.963699128146816E-05,1925,2116,191,0.8136840943367626872695659124,102.5448967995473,102.52402914306634,0,0,
175,12:40:00,20230103,570640399,102.546875,102.53515625,-0.01171875,-0.00011427700746609783,8.977699137342628E-05,2116,1911,-205,0.8096113489562833581154414884,102.54294868963784,102.52458549841303,0,0,
176,12:50:00,20230103,570640399,102.53515625,102.54296875,0.0078125,7.619337879538268E-05,8.970024779953902E-05,1911,3523,1612,0.8098030216456037142535340400,102.54295270171028,102.52550466099238,0,0,
177,13:00:00,20230103,570640399,102.54296875,102.55078125,0.0078125,7.618757380671213E-05,8.962433390070291E-05,3523,1224,-2299,0.8089196835092837018067314866,102.54451841136822,102.52676849044276,0,0,
178,13:10:00,20230103,570640399,102.55078125,102.55078125,0,0,8.912363929790569E-05,1224,2043,819,0.8081386665458733097821785996,102.54577097909458,102.52796912842064,0,0,
179,13:20:00,20230103,570640399,102.55078125,102.55859375,0.0078125,7.618176970251019E-05,8.905174002237572E-05,2043,2398,355,0.8046143632452989388356267127,102.54833553327566,102.52950035949961,0,0,
180,13:30:00,20230103,570640399,102.55859375,102.56640625,0.0078125,7.617596648257475E-05,8.898060315199008E-05,2398,6134,3736,0.8087765212981371077163979059,102.55194967662052,102.53134565402462,0,1,
181,13:40:00,20230103,570640399,102.56640625,102.56640625,0,0,8.849169873906706E-05,6134,2088,-4046,0.8079568822643578365143316129,102.55484099129643,102.53309868382338,0,0,
182,13:50:00,20230103,570640399,102.56640625,102.5546875,-0.01171875,-0.0001142552462200556,8.863248315153148E-05,2088,7245,5157,0.8170381429416394688378824671,102.55481029303714,102.53417812463222,0,1,
183,14:00:00,20230103,570640399,102.5546875,102.5546875,0,0,8.815078487353403E-05,7245,3391,-3854,0.8154887675511061340404731155,102.5547857344297,102.53520359340061,0,0,
184,14:10:00,20230103,570640399,102.5546875,102.5546875,0,0,8.76742941444879E-05,3391,882,-2509,0.8150801781837572679632874901,102.55476608754375,102.53617778873058,0,0,
185,14:20:00,20230103,570640399,102.5546875,102.5546875,0,0,8.720292697166807E-05,882,2703,1821,0.8217981656684689818689782493,102.554750370035,102.53710327429405,0,1,
186,14:30:00,20230103,570640399,102.5546875,102.55078125,-0.00390625,-3.8089433991010895E-05,8.69402879717715E-05,2703,2294,-409,0.8182126854003535948104478222,102.55395654602799,102.53778717307935,0,0,
187,14:40:00,20230103,570640399,102.55078125,102.5546875,0.00390625,3.8090884851255096E-05,8.668045072113045E-05,2294,1647,-647,0.8153607035876961277212438690,102.55410273682239,102.53863218942539,0,0,
188,14:50:00,20230103,570640399,102.5546875,102.55859375,0.00390625,3.8089433991010895E-05,8.642335539451606E-05,1647,4910,3263,0.8215290485380823180292372748,102.55500093945791,102.53963026745411,0,1,
189,15:00:00,20230103,570640399,102.55859375,102.58203125,0.0234375,0.00022852789944772424,8.717127404742768E-05,4910,5582,672,0.8179255458815039235801821188,102.56040700156633,102.5417503165814,0,0,
190,15:10:00,20230103,570640399,102.58203125,102.59765625,0.015625,0.0001523171242526941,8.751235179719347E-05,5582,2213,-3369,0.8168031457236380880866787145,102.56785685125307,102.54454561325232,0,0,
191,15:20:00,20230103,570640399,102.59765625,102.59375,-0.00390625,-3.807348181991243E-05,8.725485768272846E-05,2213,5296,3083,0.8198048558798023939663861723,102.57303548100245,102.5470058325897,0,1,
192,15:30:00,20230103,570640399,102.59375,102.5859375,-0.0078125,-7.614986293024673E-05,8.719731884981405E-05,5296,2119,-3177,0.8186653836055476690410872066,102.57561588480195,102.54895241596022,0,0,
193,15:40:00,20230103,570640399,102.5859375,102.6015625,0.015625,0.0001523113243469652,8.753295805340762E-05,2119,3130,1011,0.8169047983560861074440051756,102.58080520784156,102.5515829201622,0,0,
194,15:50:00,20230103,570640399,102.6015625,102.609375,0.0078125,7.614406457016675E-05,8.747455347144228E-05,3130,2368,-762,0.8139640069759688804163984971,102.58651916627326,102.5544725241541,0,0,
195,09:30:00,20230104,570640399,102.609375,102.62109375,0.01171875,0.00011420740063956144,8.761094554883065E-05,2368,8481,6113,0.8229820649933281125488575781,102.59343408301861,102.55780358544638,0,1,
196,09:40:00,20230104,570640399,102.62109375,102.62890625,0.0078125,7.612957253245023E-05,8.755266446752922E-05,8481,7260,-1221,0.8195352975141504609079984579,102.6005285164149,102.56135871867407,0,0,
197,09:50:00,20230104,570640399,102.62890625,102.640625,0.01171875,0.0001141856658927416,8.768717457573736E-05,7260,3977,-3283,0.8176800882173583439072804870,102.60854781313192,102.56532203274037,0,0,
198,10:00:00,20230104,570640399,102.640625,102.6640625,0.0234375,0.00022834525803014157,8.839399911570924E-05,3977,6089,2112,0.8162397538944483019528272370,102.61965075050554,102.57025905610334,0,0,
199,10:10:00,20230104,570640399,102.6640625,102.63671875,-0.02734375,-0.0002663419831063085,8.928373903566224E-05,6089,5921,-168,0.8122965088119525754701611465,102.62306435040443,102.57358204079817,0,0,
200,10:20:00,20230104,570640399,102.63671875,102.64453125,0.0078125,7.611798287345385E-05,8.921823776122339E-05,5921,5119,-802,0.8089291137078618391506114334,102.62735773032355,102.57712950125826,0,0,
201,10:30:00,20230104,570640399,102.64453125,102.66015625,0.015625,0.00015222437873425428,8.953014935019878E-05,5119,6469,1350,0.8062300754393740807175441961,102.63391743425885,102.58128083869533,0,0,
202,10:40:00,20230104,570640399,102.66015625,102.671875,0.01171875,0.00011415090749971463,8.965143387310281E-05,6469,17868,11399,0.8109387753183594113408489809,102.64150894740708,102.58581054676057,0,1,
203,10:50:00,20230104,570640399,102.671875,102.66796875,-0.00390625,-3.804595951909907E-05,8.939846586156357E-05,17868,8791,-9077,0.8094537966849089758043662202,102.64680090792567,102.58991845692255,0,0,
204,11:00:00,20230104,570640399,102.66796875,102.66015625,-0.0078125,-7.609481413841647E-05,8.933356999949944E-05,8791,4330,-4461,0.8079806113447706221076552362,102.64947197634054,102.59343034657641,0,0,
205,11:10:00,20230104,570640399,102.66015625,102.65234375,-0.0078125,-7.610060499980975E-05,8.926933230532619E-05,4330,6408,2078,0.8063880240141994693982602417,102.65004633107243,102.5963760167476,0,0,
206,11:20:00,20230104,570640399,102.65234375,102.65625,0.00390625,3.805319837132311E-05,8.902191136844695E-05,6408,1534,-4874,0.8061668825229754934805486466,102.65128706485794,102.59936971591021,0,0,
207,11:30:00,20230104,570640399,102.65625,102.65625,0,0,8.85939214099448E-05,1534,2550,1016,0.8054753144825637857562758755,102.65227965188635,102.6022137301147,0,0,
208,11:40:00,20230104,570640399,102.65625,102.66015625,0.00390625,3.805175038051751E-05,8.8352092840426E-05,2550,5890,3340,0.8078883700188607410922764319,102.65385497150908,102.60511085610896,0,1,
209,11:50:00,20230104,570640399,102.66015625,102.64453125,-0.015625,-0.0001522012099996195,8.865613625546978E-05,5890,3868,-2022,0.8056760145338489456641629966,102.65199022720725,102.60708187580352,0,0,
210,12:00:00,20230104,570640399,102.64453125,102.6328125,-0.01171875,-0.00011416828405069072,8.87770469085277E-05,3868,3049,-819,0.8028611392609610286174643801,102.6481546817658,102.60836840701334,0,0,
211,12:10:00,20230104,570640399,102.6328125,102.6484375,0.015625,0.0001522417599147446,8.907640876233061E-05,3049,5018,1969,0.8021202164505024956987612964,102.64821124541265,102.61037186166268,0,0,
212,12:20:00,20230104,570640399,102.6484375,102.65625,0.0078125,7.610929294466855E-05,8.901553028431342E-05,5018,2729,-2289,0.8004959799028733769362440260,102.64981899633013,102.61266576857955,0,0,
213,12:30:00,20230104,570640399,102.65625,102.66015625,0.00390625,3.805175038051751E-05,8.877738178009008E-05,2729,2035,-694,0.7979436884381368135350820346,102.6518864470641,102.61504029265056,0,0,
214,12:40:00,20230104,570640399,102.66015625,102.67578125,0.015625,0.0001522012099996195,8.907237632994835E-05,2035,2501,466,0.7952974044407158469262165025,102.65666540765127,102.61807734051803,0,0,
215,12:50:00,20230104,570640399,102.67578125,102.66015625,-0.015625,-0.00015217804831653035,8.936453221877512E-05,2501,6365,3864,0.7987681664905140196327589458,102.65736357612103,102.62018128599212,0,1,
216,13:00:00,20230104,570640399,102.66015625,102.59765625,-0.0625,-0.000608804839998478,9.175826635600878E-05,6365,14424,8059,0.8009219674254135300349349366,102.64542211089682,102.61905503419251,0,1,
217,13:10:00,20230104,570640399,102.59765625,102.640625,0.04296875,0.00041880830001903675,9.32584958682245E-05,14424,8010,-6414,0.7992878095049547111585134075,102.64446268871745,102.62013353248288,0,0,
218,13:20:00,20230104,570640399,102.640625,102.63671875,-0.00390625,-3.8057543005023594E-05,9.300643672273043E-05,8010,5022,-2988,0.7973414437440424455337066919,102.64291390097397,102.62096279335874,0,0,
219,13:30:00,20230104,570640399,102.63671875,102.6328125,-0.00390625,-3.8058991436726926E-05,9.275667560779405E-05,5022,2541,-2481,0.7959627384740643662086729540,102.64089362077917,102.6215552786908,0,0,
220,13:40:00,20230104,570640399,102.6328125,102.609375,-0.0234375,-0.00022836263987211693,9.337027725604891E-05,2541,5432,2891,0.7975092466566792601301948582,102.63458989662334,102.62094626475627,0,0,
221,13:50:00,20230104,570640399,102.609375,102.60546875,-0.00390625,-3.806913354652048E-05,9.312117300510509E-05,5432,11367,5935,0.7988384816307409750419728949,102.62876566729867,102.62017238901845,0,0,
222,14:00:00,20230104,570640399,102.60546875,102.60546875,0,0,9.270358926965619E-05,11367,5012,-6355,0.7977633068877505339597503390,102.62410628383893,102.61943720706752,0,0,
223,14:10:00,20230104,570640399,102.60546875,102.6328125,0.02734375,0.00026649408002436516,9.347943967481114E-05,5012,4339,-673,0.7948013177205719360980057860,102.62584752707114,102.62010597171415,0,0,
224,14:20:00,20230104,570640399,102.6328125,102.64453125,0.01171875,0.00011418131993605846,9.35714480315278E-05,4339,6207,1868,0.7931822627231689895606784478,102.62958427165691,102.62132723562844,0,0,
225,14:30:00,20230104,570640399,102.64453125,102.65234375,0.0078125,7.611218936712714E-05,9.349419467460567E-05,6207,7000,793,0.7902379119226007544976371975,102.63413616732552,102.62287806134702,0,0,
226,14:40:00,20230104,570640399,102.65234375,102.64453125,-0.0078125,-7.610639674264622E-05,9.341759644583051E-05,7000,8545,1545,0.7877289972697006882411970085,102.63621518386043,102.62396072077966,0,0,
227,14:50:00,20230104,570640399,102.64453125,102.64453125,0,0,9.30078701456295E-05,8545,5822,-2723,0.7856717029241464026833037969,102.63787839708834,102.62498924724068,0,0,
228,15:00:00,20230104,570640399,102.64453125,102.66015625,0.015625,0.00015222437873425428,9.326645751937895E-05,5822,4939,-883,0.7829031194796118331942686849,102.64233396767068,102.62674759737864,0,0,
229,15:10:00,20230104,570640399,102.66015625,102.66015625,0,0,9.286095118233816E-05,4939,4792,-147,0.7796285976990104063571633978,102.64589842413655,102.6284180300097,0,0,
230,15:20:00,20230104,570640399,102.66015625,102.66015625,0,0,9.245895572267436E-05,4792,2640,-2152,0.7781976591938415662744285303,102.64874998930924,102.6300049410092,0,0,
231,15:30:00,20230104,570640399,102.66015625,102.65625,-0.00390625,-3.8050302499904876E-05,9.222443566567966E-05,2640,5270,2630,0.7791373767025410475065267354,102.6502499914474,102.63131719395875,0,0,
232,15:40:00,20230104,570640399,102.65625,102.6640625,0.0078125,7.610350076103501E-05,9.215524710385715E-05,5270,1779,-3491,0.7786364817059839779164432636,102.65301249315792,102.6329544592608,0,0,
233,15:50:00,20230104,570640399,102.6640625,102.6640625,0,0,9.176142126153297E-05,1779,1681,-98,0.7755443904491198376457799394,102.65522249452633,102.63450986129776,0,0,
234,09:30:00,20230105,570640399,102.6640625,102.4296875,-0.234375,-0.0022829312837683584,0.0001010855483360301,1681,4496,2815,0.7793701524187048859400258769,102.61011549562107,102.62426874323286,-1,1,SELL
235,09:40:00,20230105,570640399,102.4296875,102.44140625,0.01171875,0.00011440774921821372,0.00010114199833976817,4496,5722,1226,0.7772231891997282276230413291,102.57637364649686,102.61512561857121,0,0,
236,09:50:00,20230105,570640399,102.44140625,102.43359375,-0.0078125,-7.626310772163966E-05,0.00010103702411775075,5722,4444,-1278,0.7748861651083901506483481673,102.54781766719748,102.60604902514265,0,0,
237,10:00:00,20230105,570640399,102.43359375,102.44140625,0.0078125,7.626892422682378E-05,0.00010093295647115022,4444,4489,45,0.7716728871566795202927357853,102.52653538375799,102.59781688638552,0,0,
238,10:10:00,20230105,570640399,102.44140625,102.453125,0.01171875,0.00011439466158245949,0.00010098928159713896,4489,5774,1285,0.7696418511882859908128690623,102.51185330700639,102.59058229206624,0,0,
239,10:20:00,20230105,570640399,102.453125,102.4609375,0.0078125,7.625438462711606E-05,0.00010088621952643053,5774,5210,-564,0.7668420070242452021402608863,102.50167014560512,102.58410005246293,0,0,
240,10:30:00,20230105,570640399,102.4609375,102.46484375,0.00390625,3.812428516965307E-05,0.00010062579656229452,5210,8572,3362,0.7663376729901133319710596541,102.4943048664841,102.57813723733977,0,0,
241,10:40:00,20230105,570640399,102.46484375,102.46875,0.00390625,3.8122831763943425E-05,0.00010036751984825175,8572,4871,-3701,0.7649550981004710739362239969,102.48919389318729,102.57266787547277,0,0,
242,10:50:00,20230105,570640399,102.46875,102.4765625,0.0078125,7.624275693809088E-05,0.00010026824098853915,4871,2992,-1879,0.7633945932203690553537987869,102.48666761454983,102.56786260669914,0,0,
243,11:00:00,20230105,570640399,102.4765625,102.4921875,0.015625,0.00015247388884653503,0.00010048219856172767,2992,5733,2741,0.7640204745008939739706314253,102.48777159163987,102.56407885136419,0,0,
244,11:10:00,20230105,570640399,102.4921875,102.48046875,-0.01171875,-0.0001143379830779785,0.00010053875278424297,5733,5558,-175,0.7610266155458904496892432359,102.4863110233119,102.55989834629598,0,0,
245,11:20:00,20230105,570640399,102.48046875,102.48046875,0,0,0.00010013005866723385,5558,5968,410,0.7582328794757095786973288388,102.48514256864952,102.55592686648119,0,0,
246,11:30:00,20230105,570640399,102.48046875,102.4765625,-0.00390625,-3.8117019249094724E-05,9.987899373031831E-05,5968,1739,-4229,0.7580319876581406857855607731,102.48342655491962,102.55195864815713,0,0,
247,11:40:00,20230105,570640399,102.4765625,102.45703125,-0.01953125,-0.00019059236105816878,0.00010024477343728545,1739,2092,353,0.7557939160315627798408644094,102.4781474939357,102.54721227824928,0,0,
248,11:50:00,20230105,570640399,102.45703125,102.44921875,-0.0078125,-7.625147737237409E-05,0.00010014841481855086,2092,3639,1547,0.7557284133471386025668983955,102.47236174514856,102.54231260183681,0,0,
249,12:00:00,20230105,570640399,102.44921875,102.4453125,-0.00390625,-3.81286460517787E-05,9.990033574348377E-05,3639,3497,-142,0.7528615865307931918774332202,102.46695189611886,102.53746259674497,0,0,
250,12:10:00,20230105,570640399,102.4453125,102.4375,-0.0078125,-7.626019980172348E-05,9.980615193495087E-05,3497,3608,111,0.7499885981091885793957096894,102.46106151689509,102.53246446690773,0,0,
251,12:20:00,20230105,570640399,102.4375,102.49609375,0.05859375,0.0005719951189749848,0.00010167991767717322,3608,18283,14675,0.7631527319761927319904069664,102.46806796351606,102.53064593106234,0,1,
252,12:30:00,20230105,570640399,102.49609375,102.49609375,0,0,0.00010127802076935831,18283,7086,-11197,0.7625569774806731826911744539,102.47367312081285,102.52891832200922,0,0,
253,12:40:00,20230105,570640399,102.49609375,102.49609375,0,0,0.00010087928840412462,7086,2599,-4487,0.7620477784931897951461707413,102.47815724665027,102.52727709340876,0,0,
254,12:50:00,20230105,570640399,102.49609375,102.50390625,0.0078125,7.622241701284348E-05,0.00010078259479082548,2599,1671,-928,0.7604595927259583557877675881,102.48330704732022,102.52610855123831,0,0,
255,13:00:00,20230105,570640399,102.50390625,102.484375,-0.01953125,-0.00019054151899698945,0.00010113321558850581,1671,3817,2146,0.7625056916668875420616086646,102.48352063785619,102.52402187367639,0,1,
256,13:10:00,20230105,570640399,102.484375,102.46875,-0.015625,-0.00015246226558926666,0.00010133293951846986,3817,3780,-37,0.7595764612578812332505767561,102.48056651028494,102.52125827999257,0,0,
257,13:20:00,20230105,570640399,102.46875,102.4609375,-0.0078125,-7.624275693809088E-05,0.00010123569074877846,3780,3103,-677,0.7573265545440930466896408017,102.47664070822796,102.51824224099293,0,0,
258,13:30:00,20230105,570640399,102.4609375,102.4765625,0.015625,0.0001524971406786123,0.00010143361140487821,3103,1312,-1791,0.7566310210166307443917301294,102.47662506658237,102.51615825394329,0,0,
259,13:40:00,20230105,570640399,102.4765625,102.48828125,0.01171875,0.00011435541663490127,0.00010148331065576292,1312,3285,1973,0.7595047900727581495962272274,102.4789563032659,102.51476440374611,0,1,
260,13:50:00,20230105,570640399,102.48828125,102.46484375,-0.0234375,-0.00022868468193772154,0.00010197067223155586,3285,9659,6374,0.7640290431966301434829600179,102.47613379261273,102.51226837105881,0,1,
261,14:00:00,20230105,570640399,102.46484375,102.46484375,0,0,0.00010158147119250412,9659,3641,-6018,0.7634909394590898474192872850,102.47387578409018,102.50989714000586,0,0,
262,14:10:00,20230105,570640399,102.46484375,102.47265625,0.0078125,7.624566352788685E-05,0.0001014851373230569,3641,3290,-351,0.7609544799453238906986128108,102.47363187727214,102.50803509550558,0,0,
263,14:20:00,20230105,570640399,102.47265625,102.484375,0.01171875,0.00011435977585483933,0.00010153390489325305,3290,1527,-1763,0.7601018730568877255512442512,102.47578050181771,102.50685209073029,0,0,
264,14:30:00,20230105,570640399,102.484375,102.4765625,-0.0078125,-7.623113279463333E-05,0.00010143842273439034,1527,1912,385,0.7581849918614054812766974151,102.47593690145416,102.50533761119378,0,0,
265,14:40:00,20230105,570640399,102.4765625,102.47265625,-0.00390625,-3.811847221163376E-05,0.00010120037780761306,1912,2726,814,0.7569351694016754672768683862,102.47528077116334,102.5037035431341,0,0,
266,14:50:00,20230105,570640399,102.47265625,102.4765625,0.00390625,3.811992528494644E-05,0.00010096412143112366,2726,5489,2763,0.7578963597811960674568569782,102.47553711693067,102.50234649097739,0,0,
267,15:00:00,20230105,570640399,102.4765625,102.4609375,-0.015625,-0.00015247388884653503,0.00010115632205580804,5489,4434,-1055,0.7557855621215355080651626751,102.47261719354454,102.50027604142852,0,0,
268,15:10:00,20230105,570640399,102.4609375,102.4609375,0,0,0.00010078027624890912,4434,3481,-953,0.7537749469675573027785711197,102.47028125483563,102.4983091143571,0,0,
269,15:20:00,20230105,570640399,102.4609375,102.45703125,-0.00390625,-3.812428516965307E-05,0.00010054821702268966,3481,2754,-727,0.7517566991349910255583468269,102.4676312538685,102.49624522113925,0,0,
270,15:30:00,20230105,570640399,102.45703125,102.453125,-0.00390625,-3.8125738686187046E-05,0.00010031787577421547,2754,993,-1761,0.7513422225743388707799397234,102.46473000309481,102.4940892100823,0,0,
271,15:40:00,20230105,570640399,102.453125,102.45703125,0.00390625,3.812719231355803E-05,0.00010008923355561011,993,1428,435,0.7501904734665537925163427796,102.46319025247585,102.49223631207818,0,0,
272,15:50:00,20230105,570640399,102.45703125,102.4609375,0.00390625,3.8125738686187046E-05,9.986226104693091E-05,1428,633,-795,0.7494818002636566366906449685,102.46273970198068,102.49067137147426,0,0,
273,09:30:00,20230106,570640399,102.4609375,102.78515625,0.32421875,0.0031643156690812045,0.00011104639757260344,633,19867,19234,0.8576423266669102047363018552,102.52722301158454,102.50539561540056,1,1,BUY
274,09:40:00,20230106,570640399,102.78515625,102.79296875,0.0078125,7.600805685402653E-05,0.00011091898542453589,19867,27235,7368,0.8558722318813331161815040665,102.58037215926763,102.51977427213053,0,0,
275,09:50:00,20230106,570640399,102.79296875,102.8125,0.01953125,0.00019000570017100514,0.00011120553149245788,27235,17291,-9944,0.8540941383375810564891320836,102.6267977274141,102.534410558524,0,0,
276,10:00:00,20230106,570640399,102.8125,102.8203125,0.0078125,7.598784194528876E-05,0.0001110783918190024,17291,18398,1107,0.8512418914317294669854935632,102.66550068193129,102.5487056555978,0,0,
277,10:10:00,20230106,570640399,102.8203125,102.80859375,-0.01171875,-0.00011397310234784591,0.00011108880444680399,18398,9459,-8939,0.8499275969630311648683571387,102.69411929554504,102.56170006031792,0,0,
278,10:20:00,20230106,570640399,102.80859375,102.80078125,-0.0078125,-7.599072913104601E-05,0.00011096300489370091,9459,9811,352,0.8470146422644950901855476886,102.71545168643604,102.57365411980201,0,0,
279,10:30:00,20230106,570640399,102.80078125,102.78125,-0.01953125,-0.0001899912604020215,0.00011124524866337348,9811,19288,9477,0.8474394348969422845410777757,102.72861134914882,102.58403391381191,0,0,
280,10:40:00,20230106,570640399,102.78125,102.77734375,-0.00390625,-3.8005472788081484E-05,0.0001109846088915753,19288,9752,-9536,0.8461830691628786174989642443,102.73835782931906,102.59369940562131,0,0,
281,10:50:00,20230106,570640399,102.77734375,102.80078125,0.0234375,0.00022804150355364676,0.0001113997042627174,9752,9928,176,0.8432464184920300873273573656,102.75084251345524,102.60405349784024,0,0,
282,11:00:00,20230106,570640399,102.80078125,102.78515625,-0.015625,-0.00015199300832161722,0.00011154314349967464,9928,2626,-7302,0.8428656734376068354235488831,102.7577052607642,102.61310863544823,0,0,
283,11:10:00,20230106,570640399,102.78515625,102.78515625,0,0,0.00011115038595214057,2626,3397,771,0.8409316479577800282651461293,102.76319545861136,102.62171101617582,0,0,
284,11:20:00,20230106,570640399,102.78515625,102.78515625,0,0,0.00011076038459792254,3397,1968,-1429,0.8394570291681229224018542656,102.7675876168891,102.62988327786704,0,0,
285,11:30:00,20230106,570640399,102.78515625,102.79296875,0.0078125,7.600805685402653E-05,0.00011063887296245436,1968,1481,-487,0.8373871072115682825856217318,102.77266384351128,102.63803755147369,0,0,
286,11:40:00,20230106,570640399,102.79296875,102.7890625,-0.00390625,-3.800114003420103E-05,0.00011038577981636289,1481,1973,492,0.8356269011501672313453840504,102.77594357480902,102.64558879890001,0,0,
287,11:50:00,20230106,570640399,102.7890625,102.796875,0.0078125,7.60051683514479E-05,0.00011026640269322081,1973,3922,1949,0.8361554042123939589256262740,102.78012985984722,102.65315310895501,0,0,
288,12:00:00,20230106,570640399,102.796875,102.80859375,0.01171875,0.00011399908800729594,0.00011027931855935948,3922,3158,-764,0.8339361764198149581096222348,102.78582263787777,102.66092514100727,0,0,
289,12:10:00,20230106,570640399,102.80859375,102.8125,0.00390625,3.7995364565523004E-05,0.00011003006354558763,3158,3379,221,0.8313018482274477072986438908,102.79115811030222,102.6685038839569,0,0,
290,12:20:00,20230106,570640399,102.8125,102.8125,0,0,0.00010965195336158218,3379,8224,4845,0.8333724816371974901163484337,102.79542648824177,102.67570368975906,0,1,
291,12:30:00,20230106,570640399,102.8125,102.8125,0,0,0.00010927643297335758,8224,3961,-4263,0.8322936748334455611818579808,102.79884119059342,102.68254350527111,0,0,
292,12:40:00,20230106,570640399,102.8125,102.81640625,0.00390625,3.799392097264438E-05,0.00010903314794946436,3961,8120,4159,0.8330366567518468354939078566,102.80235420247475,102.68923664250755,0,0,
293,12:50:00,20230106,570640399,102.81640625,102.828125,0.01171875,0.00011397743246837126,0.00010904996524374636,8120,3096,-5024,0.8323076858507271527150924132,102.8075083619798,102.69618106038217,0,0,
294,13:00:00,20230106,570640399,102.828125,102.81640625,-0.01171875,-0.00011396444309375474,0.00010906662449069554,3096,6384,3288,0.8330863564203042436965601068,102.80928793958384,102.70219231986306,0,0,
295,13:10:00,20230106,570640399,102.81640625,102.82421875,0.0078125,7.598495497891418E-05,0.00010895486209369628,6384,9475,3091,0.8319076160202187140512057794,102.81227410166707,102.7082936413699,0,0,
296,13:20:00,20230106,570640399,102.82421875,102.83203125,0.0078125,7.597918170421305E-05,0.00010884383286679566,9475,4918,-4557,0.8307259401012074679701186816,102.81622553133366,102.7144805218014,0,0,
297,13:30:00,20230106,570640399,102.83203125,102.8359375,0.00390625,3.798670465337132E-05,0.00010860605726876403,4918,2825,-2093,0.8293663883017516009267981281,102.82016792506693,102.72055337071133,0,0,
298,13:40:00,20230106,570640399,102.8359375,102.828125,-0.0078125,-7.597052343690648E-05,0.00010849690832618257,2825,2118,-707,0.8274295959887880962976588678,102.82175934005353,102.72593195217577,0,0,
299,13:50:00,20230106,570640399,102.828125,102.83984375,0.01171875,0.00011396444309375474,0.00010851513344207448,2118,10481,8363,0.8378332851856652552715989977,102.82537622204282,102.73162754206697,0,1,
300,14:00:00,20230106,570640399,102.83984375,102.859375,0.01953125,0.0001899190944657576,0.0001087855784953093,10481,11609,1128,0.8354073384521103880587871958,102.83217597763425,102.73801491496361,0,0,
301,14:10:00,20230106,570640399,102.859375,102.84765625,-0.01171875,-0.00011392981923135349,0.0001088026124050313,11609,7803,-3806,0.8337266819758064501187171598,102.8352720321074,102.74349698171544,0,0,
302,14:20:00,20230106,570640399,102.84765625,102.859375,0.01171875,0.00011394280071404155,0.00010881957672288282,7803,5362,-2441,0.8320075457294625002668676977,102.84009262568591,102.74929088262967,0,0,
303,14:30:00,20230106,570640399,102.859375,102.85546875,-0.00390625,-3.797660641045116E-05,0.00010858654063632876,5362,3576,-1786,0.8303663520589685160857693837,102.84316785054874,102.75459977599817,0,0,
304,14:40:00,20230106,570640399,102.85546875,102.8515625,-0.00390625,-3.797804868785842E-05,0.0001083550373840387,3576,4288,712,0.8282966431847222922497013240,102.84484678043898,102.75944791219827,0,0,
305,14:50:00,20230106,570640399,102.8515625,102.84375,-0.0078125,-7.59589821496392E-05,0.00010824916792248837,4288,6070,1782,0.8269478906194420077125473883,102.84462742435119,102.76366301658837,0,0,
306,15:00:00,20230106,570640399,102.84375,102.8359375,-0.0078125,-7.596475235490732E-05,0.00010814400695972753,6070,2741,-3329,0.8260406822651927157996231641,102.84288943948096,102.76727674075894,0,0,
307,15:10:00,20230106,570640399,102.8359375,102.8359375,0,0,0.00010779289005401412,2741,767,-1974,0.8256969629025455479326408239,102.84149905158476,102.770709778721,0,0,
308,15:20:00,20230106,570640399,102.8359375,102.828125,-0.0078125,-7.597052343690648E-05,0.00010768990504878076,767,1348,581,0.8254762502088401837167265295,102.8388242412678,102.77358053978496,0,0,
309,15:30:00,20230106,570640399,102.828125,102.83984375,0.01171875,0.00011396444309375474,0.00010771014549408713,1348,1345,-3,0.8228206026897401632140699119,102.83902814301425,102.7768937002957,0,0,
310,15:40:00,20230106,570640399,102.83984375,102.8515625,0.01171875,0.00011395145667945455,0.00010773021401879891,1345,1128,-217,0.8206936499156986362545726097,102.84153501441139,102.78062714028091,0,0,
311,15:50:00,20230106,570640399,102.8515625,102.84765625,-0.00390625,-3.79794910748196E-05,0.00010750665400936309,1128,3405,2277,0.8245331479008297167302978612,102.84275926152911,102.78397859576687,0,1,
312,09:30:00,20230109,570640399,102.84765625,102.890625,0.04296875,0.000417790269284819,0.00010849797546391726,3405,4821,1416,0.8232274797951944920930967294,102.8523324092233,102.78931091597852,0,0,
313,09:40:00,20230109,570640399,102.890625,102.8984375,0.0078125,7.593014426727411E-05,0.00010839425625628463,4821,4549,-272,0.8207854172159448500371889775,102.86155342737862,102.79476724517959,0,0,
314,09:50:00,20230109,570640399,102.8984375,102.90234375,0.00390625,3.7962189659099535E-05,0.00010817066239407135,4549,7552,3003,0.8202754479131395356839076544,102.8697114919029,102.80014607042061,0,0,
315,10:00:00,20230109,570640399,102.90234375,102.921875,0.01953125,0.00018980374292981058,0.00010842899492741229,7552,10126,2574,0.8187582372058409284855944946,102.88014419352231,102.80623251689958,0,0,
316,10:10:00,20230109,570640399,102.921875,102.93359375,0.01171875,0.00011386063458327007,0.00010844612943736768,10126,12022,1896,0.8167660685280435273980218438,102.89083410481786,102.81260057855461,0,0,
317,10:20:00,20230109,570640399,102.93359375,102.97265625,0.0390625,0.0003794922393837046,0.00010929847569506057,12022,20841,8819,0.8165044512844355980969242181,102.90719853385428,102.82060336212687,0,0,
318,10:30:00,20230109,570640399,102.97265625,102.95703125,-0.015625,-0.00015173931186222072,0.00010943151906862534,20841,8709,-12132,0.8157697093656294044489232847,102.91716507708344,102.82742475652053,0,0,
319,10:40:00,20230109,570640399,102.95703125,102.96875,0.01171875,0.00011382175513146413,0.0001094452385563217,8709,12052,3343,0.8144199783406605265340702329,102.92748206166675,102.83449101869451,0,0,
320,10:50:00,20230109,570640399,102.96875,102.96484375,-0.00390625,-3.793626707132018E-05,0.0001092224691747485,12052,10319,-1733,0.8123307994711713967026469471,102.93495439933339,102.84100865525978,0,0,
321,11:00:00,20230109,570640399,102.96484375,102.953125,-0.01171875,-0.00011381311885883379,0.00010923672585078603,10319,13621,3302,0.8108017977563875909019215729,102.93858851946672,102.8466144724968,0,0,
322,11:10:00,20230109,570640399,102.953125,102.9375,-0.015625,-0.00015176809834572774,0.00010936840192662177,13621,5621,-8000,0.8101099296208757127589986928,102.93837081557336,102.85115874887195,0,0,
323,11:20:00,20230109,570640399,102.9375,102.9453125,0.0078125,7.589556769884639E-05,0.00010926509070986938,5621,4303,-1318,0.8083332874026514268572445062,102.93975915245869,102.85586643642836,0,0,
324,11:30:00,20230109,570640399,102.9453125,102.9296875,-0.015625,-0.00015177961599757153,0.00010939590463383154,4303,4853,550,0.8062393935999780797543168721,102.93774482196696,102.85955748960694,0,0,
325,11:40:00,20230109,570640399,102.9296875,102.9296875,0,0,0.00010906033437421856,4853,3884,-969,0.8043787522301210350188185593,102.93613335757357,102.86306399012659,0,0,
326,11:50:00,20230109,570640399,102.9296875,102.9375,0.0078125,7.590132827324479E-05,0.00010895893068583638,3884,6013,2129,0.8035951665688321984368299640,102.93640668605886,102.86678579062026,0,0,
327,12:00:00,20230109,570640399,102.9375,102.9296875,-0.0078125,-7.589556769884639E-05,0.00010885812774990043,6013,2242,-3771,0.8030571971405110466999424791,102.93506284884708,102.86993087608924,0,0,
328,12:10:00,20230109,570640399,102.9296875,102.921875,-0.0078125,-7.590132827324479E-05,0.00010875795510711424,2242,4736,2494,0.8039974477363627941265219945,102.93242527907768,102.87252808228479,0,0,
329,12:20:00,20230109,570640399,102.921875,102.9375,0.015625,0.0001518141794443601,0.0001088884285141968,4736,3657,-1079,0.8022514839307734883621746306,102.93344022326215,102.87577667817054,0,0,
330,12:30:00,20230109,570640399,102.9375,102.9296875,-0.0078125,-7.589556769884639E-05,0.00010878875219753411,3657,3060,-597,0.8003209615152637399370292341,102.93268967860972,102.87847221926201,0,0,
331,12:40:00,20230109,570640399,102.9296875,102.9140625,-0.015625,-0.00015180265654648957,0.00010891831215039241,3060,6565,3505,0.8013604310185349551466842173,102.92896424288777,102.8802517332989,0,0,
332,12:50:00,20230109,570640399,102.9140625,102.93359375,0.01953125,0.0001897821301146284,0.0001091611464385733,6565,7173,608,0.7992320583672987919550670181,102.92989014431022,102.88291883413396,0,0,
333,13:00:00,20230109,570640399,102.93359375,102.953125,0.01953125,0.0001897461196918523,0.00010940241881358312,7173,12540,5367,0.7990793351417846866505386029,102.93453711544818,102.88642914242726,0,0,
334,13:10:00,20230109,570640399,102.953125,102.95703125,0.00390625,3.7942024586431934E-05,0.00010918910420394983,12540,9151,-3389,0.7975007555843855626602989509,102.93903594235854,102.88995924780589,0,0,
335,13:20:00,20230109,570640399,102.95703125,102.96875,0.01171875,0.00011382175513146413,0.00010920289185551982,9151,12964,3813,0.7963673478985378306000816198,102.94497875388683,102.8938987854156,0,0,
336,13:30:00,20230109,570640399,102.96875,102.97265625,0.00390625,3.793626707132018E-05,0.00010899141819147174,12964,4228,-8736,0.7960038426843366589382462295,102.95051425310946,102.89783665864482,0,0,
337,13:40:00,20230109,570640399,102.97265625,102.984375,0.01171875,0.00011380448389666553,0.00010900565803083622,4228,6141,1913,0.7949874401671160338339885440,102.95728640248757,102.90216357571258,0,0,
338,13:50:00,20230109,570640399,102.984375,102.96875,-0.015625,-0.00015172204521316947,0.000109131665072672,6141,11552,5411,0.7952415387279923434278664719,102.95957912199006,102.90549289692694,0,0,
339,14:00:00,20230109,570640399,102.96875,102.96484375,-0.00390625,-3.793626707132018E-05,0.00010892226684325627,11552,9647,-1905,0.7933876121720138096493308698,102.96063204759204,102.9084604395806,0,0,
340,14:10:00,20230109,570640399,102.96484375,102.96875,0.00390625,3.793770628627793E-05,0.00010871410097652027,9647,19134,9487,0.7939448758695018782900347870,102.96225563807363,102.91147491760157,0,0,
341,14:20:00,20230109,570640399,102.96875,102.95703125,-0.01171875,-0.00011380880121396055,0.00010872899776084026,19134,13391,-5743,0.7925010204908325353703856878,102.9612107604589,102.91375273422148,0,0,
342,14:30:00,20230109,570640399,102.95703125,102.94140625,-0.015625,-0.0001517623401752855,0.00010885445940053252,13391,6494,-6897,0.7916921178652292161223844227,102.9572498583671,102.91513541001041,0,0,
343,14:40:00,20230109,570640399,102.94140625,102.95703125,0.015625,0.0001517853754790726,0.00010897925857517944,6494,8956,2462,0.7904927779497541091678885175,102.95720613669369,102.91723020200988,0,0,
344,14:50:00,20230109,570640399,102.95703125,102.95703125,0,0,0.00010866337666626589,8956,6384,-2572,0.7890339054849121449752470013,102.95717115935494,102.91922025440938,0,0,
345,15:00:00,20230109,570640399,102.95703125,102.96875,0.01171875,0.00011382175513146413,0.0001086782852745468,6384,10701,4317,0.7887078589503062665085229400,102.95948692748395,102.92169674168892,0,0,
346,15:10:00,20230109,570640399,102.96875,102.96875,0,0,0.00010836509136885646,10701,4549,-6152,0.7880916966539044307680220512,102.96133954198716,102.92404940460447,0,0,
347,15:20:00,20230109,570640399,102.96875,102.95703125,-0.01171875,-0.00011380880121396055,0.00010838073421323894,4549,3825,-724,0.7862844097624576486941775203,102.96047788358973,102.92569849687425,0,0,
348,15:30:00,20230109,570640399,102.95703125,102.95703125,0,0,0.00010807018769686863,3825,4396,571,0.7844591852237446869126128414,102.95978855687179,102.92726513453053,0,0,
349,15:40:00,20230109,570640399,102.95703125,102.94140625,-0.015625,-0.0001517623401752855,0.00010819502241823554,4396,2157,-2239,0.7836730922962498333810465824,102.95611209549742,102.927972190304,0,0,
350,15:50:00,20230109,570640399,102.94140625,102.9375,-0.00390625,-3.794634386976815E-05,0.00010799488373291227,2157,1474,-683,0.7823425236182650691527368224,102.95238967639793,102.9284485807888,0,0,
351,09:30:00,20230110,570640399,102.9375,102.83984375,-0.09765625,-0.0009486945962355798,0.00011038323518888576,1474,8949,7475,0.7945268764926843158069956148,102.92988049111835,102.92401833924936,0,1,
352,09:40:00,20230110,570640399,102.83984375,102.83984375,0,0,0.0001100705348059144,8949,6161,-2788,0.7931586507495978133689886133,102.91187314289468,102.91980960978688,-1,0,
353,09:50:00,20230110,570640399,102.83984375,102.84765625,0.0078125,7.596763778630303E-05,0.00010997419893862737,6161,5782,-379,0.7910918635657411534569639407,102.89902976431574,102.91620194179754,0,0,
354,10:00:00,20230110,570640399,102.84765625,102.8359375,-0.01171875,-0.00011394280071404155,0.00010998537809855812,5782,7471,1689,0.7896862905854199451664030619,102.88641131145259,102.91218871970766,0,0,
355,10:10:00,20230110,570640399,102.8359375,102.82421875,-0.01171875,-0.00011395578515535972,0.00010999653092736935,7471,9533,2062,0.7882433530708641600217695813,102.87397279916206,102.90779022122229,0,0,
356,10:20:00,20230110,570640399,102.82421875,102.81640625,-0.0078125,-7.597918170421305E-05,0.00010990124423486751,9533,9133,-400,0.7861529221352979966525128172,102.86245948932965,102.90322102266117,0,0,
357,10:30:00,20230110,570640399,102.81640625,102.8203125,0.00390625,3.799247748945709E-05,0.00010970038175792502,9133,7189,-1944,0.7845515298492784002709743850,102.85403009146373,102.8990755965281,0,0,
358,10:40:00,20230110,570640399,102.8203125,102.81640625,-0.00390625,-3.7991034115948635E-05,0.00010950063427145711,7189,13052,5863,0.7846378808443236537863660001,102.84650532317099,102.8949421292017,0,0,
359,10:50:00,20230110,570640399,102.81640625,102.8125,-0.00390625,-3.799247748945709E-05,0.00010930200050261823,13052,5416,-7636,0.7840834546131840854934650294,102.83970425853678,102.89082002274161,0,0,
360,11:00:00,20230110,570640399,102.8125,102.81640625,0.00390625,3.799392097264438E-05,0.00010910447119644101,5416,7084,1668,0.7827645984129315225492428179,102.83504465682942,102.88709933410452,0,0,
361,11:10:00,20230110,570640399,102.81640625,102.8125,-0.00390625,-3.799247748945709E-05,0.00010890802922487477,7084,6819,-265,0.7807056029585587367422500008,102.83053572546353,102.8833693673993,0,0,
362,11:20:00,20230110,570640399,102.8125,102.8359375,0.0234375,0.00022796352583586625,0.0001092360057995607,6819,12297,5478,0.7807679665833785413855532477,102.83161608037084,102.88099777402932,0,0,
363,11:30:00,20230110,570640399,102.8359375,102.828125,-0.0078125,-7.597052343690648E-05,0.00010914461711175121,12297,2624,-9673,0.7807840288220296628680067211,102.83091786429667,102.87835413532787,0,0,
364,11:40:00,20230110,570640399,102.828125,102.82421875,-0.00390625,-3.798814769791825E-05,0.00010894966788048043,2624,8175,5551,0.7844407097320394713426082396,102.82957804143734,102.87564736606149,0,1,
365,11:50:00,20230110,570640399,102.82421875,102.81640625,-0.0078125,-7.597918170421305E-05,0.00010885958458491686,8175,7503,-672,0.7825220242815759354129861336,102.82694368314988,102.8726853102584,0,0,
366,12:00:00,20230110,570640399,102.81640625,102.85546875,0.0390625,0.0003799247748945709,0.000109598181833717,7503,19202,11699,0.7846384301268001838631415356,102.83264869651991,102.87182448224549,0,1,
367,12:10:00,20230110,570640399,102.85546875,102.84375,-0.01171875,-0.00011393414606357525,0.00010960996434521119,19202,10086,-9116,0.7837963208448052692241348363,102.83486895721592,102.87042075813322,0,0,
368,12:20:00,20230110,570640399,102.84375,102.83984375,-0.00390625,-3.798237617745366E-05,0.00010941585164014951,10086,5982,-4104,0.7827749233746903427018754207,102.83586391577273,102.86889190772655,0,0,
369,12:30:00,20230110,570640399,102.83984375,102.859375,0.01953125,0.0001899190944657576,0.00010963342797211062,5982,13445,7463,0.7840311426669692525711035471,102.84056613261819,102.86841606234022,0,1,
370,12:40:00,20230110,570640399,102.859375,102.8515625,-0.0078125,-7.595321282090232E-05,0.0001095426457210292,13445,12429,-1016,0.7821215361512237822861914740,102.84276540609456,102.8675733842232,0,0,
371,12:50:00,20230110,570640399,102.8515625,102.8515625,0,0,0.00010924817624328449,12429,1952,-10477,0.7822850480011499520941339045,102.84452482487565,102.86677284001205,0,0,
372,13:00:00,20230110,570640399,102.8515625,102.8671875,0.015625,0.0001519179642992784,0.00010936257245791182,1952,5188,3236,0.7846322379133342729714800932,102.84905735990051,102.86679357301145,0,1,
373,13:10:00,20230110,570640399,102.8671875,102.859375,-0.0078125,-7.5947444368497E-05,0.00010927322719564066,5188,6351,1163,0.7831336788927775902275832154,102.85112088792042,102.86642264436087,0,0,
374,13:20:00,20230110,570640399,102.859375,102.86328125,0.00390625,3.797660641045116E-05,0.00010908310287354682,6351,5070,-1281,0.7815831904680054155671999137,102.85355296033634,102.86626557464282,0,0,
375,13:30:00,20230110,570640399,102.86328125,102.859375,-0.00390625,-3.797516424258535E-05,0.00010889398601548576,5070,2935,-2135,0.7806244706435935710411362394,102.85471736826906,102.86592104591068,0,0,
376,13:40:00,20230110,570640399,102.859375,102.8515625,-0.0078125,-7.595321282090232E-05,0.0001088066099592667,2935,6620,3685,0.7818841845859620886295521519,102.85408639461525,102.86520311861514,0,1,
377,13:50:00,20230110,570640399,102.8515625,102.85546875,0.00390625,3.79794910748196E-05,0.00010861923662888458,6620,6149,-471,0.7800039302252949308158372447,102.85436286569221,102.86471640018438,0,0,
378,14:00:00,20230110,570640399,102.85546875,102.86328125,0.0078125,7.595609737571684E-05,0.00010853305420341447,6149,3690,-2459,0.7790010238741945144066278689,102.85614654255377,102.86464464267516,0,0,
379,14:10:00,20230110,570640399,102.86328125,102.8671875,0.00390625,3.797516424258535E-05,0.00010834737554562282,3690,4841,1151,0.7777718741251602983474633725,102.85835473404302,102.86477178554141,0,0,
380,14:20:00,20230110,570640399,102.8671875,102.8671875,0,0,0.00010806299923185478,4841,1623,-3218,0.7774751991021368666015116239,102.8601212872344,102.86489257126433,0,0,
381,14:30:00,20230110,570640399,102.8671875,102.875,0.0078125,7.5947444368497E-05,0.00010797892709870463,1623,4571,2948,0.7801948697912447365622942007,102.86309702978753,102.86539794270111,0,1,
382,14:40:00,20230110,570640399,102.875,102.88671875,0.01171875,0.00011391251518833536,0.0001079944194958055,4571,5244,673,0.7785422266665987936752053469,102.86782137383001,102.86646398306605,1,0,
383,14:50:00,20230110,570640399,102.88671875,102.87890625,-0.0078125,-7.593302707012416E-05,0.00010791092628636361,5244,6079,835,0.7769294333568640352637903285,102.870038349064,102.86708609641275,0,0,
384,15:00:00,20230110,570640399,102.87890625,102.87890625,0,0,0.00010763063816613929,6079,4271,-1808,0.7756839473958800317984354314,102.87181192925121,102.86767710409211,0,0,
385,15:10:00,20230110,570640399,102.87890625,102.87890625,0,0,0.00010735180231596794,4271,3001,-1270,0.7744447512875753164111257178,102.87323079340098,102.8682385613875,0,0,
386,15:20:00,20230110,570640399,102.87890625,102.890625,0.01171875,0.00011390818999886092,0.00010736874388620798,3001,1376,-1625,0.7738427911325072697354269298,102.87670963472078,102.86935788331813,0,0,
387,15:30:00,20230110,570640399,102.890625,102.87890625,-0.01171875,-0.00011389521640091117,0.00010738556469165825,1376,1518,142,0.7721143243368528815432294137,102.87714895777663,102.86983530165222,0,0,
388,15:40:00,20230110,570640399,102.87890625,102.8671875,-0.01171875,-0.00011390818999886092,0.00010740233236596983,1518,1318,-200,0.7704681494816562138364602203,102.8751566662213,102.8697029115696,0,0,
389,15:50:00,20230110,570640399,102.8671875,102.85546875,-0.01171875,-0.0001139211665527455,0.0001074190473254231,1318,1395,77,0.7686423897427028211866869536,102.87121908297705,102.86899120349112,0,0,
