N-term, time, date, conId, Previous Price, Current Price, Difference in Price ($), Difference in Price (%), cumulativeAggregatedAvg, Previous Volume, Current Volume, Difference in Volume, cumulativeAggregatedAvgVolume, SMA 5, SMA20, Crossing SMA Condition, Volume Condition, Order
0,09:30:00,20221227,61760197,10.01,9.84,-0.16999999999999993,-0.016983016983016977,0.016983016983016977,40928,40928,0,0,,,0,0,
1,09:40:00,20221227,61760197,9.84,9.79,-0.05000000000000071,-0.005081300813008202,0.01103215889801259,40928,14346,-26582,0.3247410086004691164972634871,,,0,0,
2,09:50:00,20221227,61760197,9.79,9.78,-0.009999999999999787,-0.0010214504596526852,0.007695256085225956,14346,38693,24347,0.7822033788457795411157461771,,,0,1,
3,10:00:00,20221227,61760197,9.78,9.77,-0.009999999999999787,-0.0010224948875255406,0.006027065785800852,38693,12834,-25859,0.7537305585832013759153768155,,,0,0,
4,10:10:00,20221227,61760197,9.77,9.92,0.15000000000000036,0.015353121801432995,0.00789227698892728,12834,34969,22135,0.9479275667044915978493343338,6.6076288,,0,1,
5,10:20:00,20221227,61760197,9.92,9.91,-0.009999999999999787,-0.0010080645161290108,0.0067449082434609025,34969,9800,-25169,0.9098982689450981985280622913,7.26810304,,0,0,
6,10:30:00,20221227,61760197,9.91,9.94,0.02999999999999936,0.0030272452068616914,0.006213813523946729,9800,4738,-5062,0.8537028894164981643360067453,7.802482432,,0,0,
7,10:40:00,20221227,61760197,9.94,9.96,0.02000000000000135,0.002012072434607782,0.005688595887779361,4738,8199,3461,0.8382996525534924577450400938,8.2339859456,,0,0,
8,10:50:00,20221227,61760197,9.96,9.89,-0.07000000000000028,-0.007028112449799224,0.0058374310613371234,8199,5946,-2253,0.7756874254351977516013154698,8.565188756480001,,0,0,
9,11:00:00,20221227,61760197,9.89,9.85,-0.040000000000000924,-0.004044489383215462,0.005658136893524957,5946,28594,22648,1.0790134020305948953782844946,8.822151005184,,0,1,
10,11:10:00,20221227,61760197,9.85,9.86,0.009999999999999787,0.0010152284263959175,0.005236054305604135,28594,7551,-21043,1.0478234218768982189030968620,9.0297208041472,,0,0,
11,11:20:00,20221227,61760197,9.86,9.82,-0.03999999999999915,-0.004056795131845756,0.005137782707790937,7551,7600,49,0.9610455706144555131804852388,9.18777664331776,,0,0,
12,11:30:00,20221227,61760197,9.82,9.87,0.049999999999998934,0.00509164969450091,0.005134234014460936,7600,8438,838,0.8956007696360156154054681557,9.324221314654208,,0,0,
13,11:40:00,20221227,61760197,9.87,9.88,0.010000000000001563,0.0010131712259373417,0.00483987238670925,8438,7100,-1338,0.8429555990286552070250856997,9.435377051723368,,0,0,
14,11:50:00,20221227,61760197,9.88,9.85,-0.030000000000001137,-0.0030364372469636777,0.004719643377392878,7100,11603,4503,0.8290402492342565969792818643,9.518301641378695,,0,0,
15,12:00:00,20221227,61760197,9.85,9.91,0.0600000000000005,0.0060913705583756856,0.004805376326204303,11603,5760,-5843,0.8086987749826348219278371546,9.596641313102955,,0,0,
16,12:10:00,20221227,61760197,9.91,9.93,0.019999999999999574,0.0020181634712411276,0.004641422628853528,5760,28455,22695,0.9928990921405190480889447730,9.663313050482364,,0,1,
17,12:20:00,20221227,61760197,9.93,9.87,-0.0600000000000005,-0.006042296072507603,0.004719248931278754,28455,4300,-24155,0.9848982649731427433712210308,9.70465044038589,,0,0,
18,12:30:00,20221227,61760197,9.87,9.91,0.040000000000000924,0.0040526849037488275,0.004684166614040337,4300,6152,1852,0.9557298128386933700970931185,9.745720352308712,,0,0,
19,12:40:00,20221227,61760197,9.91,9.85,-0.0600000000000005,-0.0060544904137235615,0.004752682804024498,6152,7032,880,0.9150954678404518095246181765,9.76657628184697,6.334560068895662,0,0,
20,12:50:00,20221227,61760197,9.85,9.87,0.019999999999999574,0.002030456852791835,0.004623052996822943,7032,1700,-5332,0.9076265412338232196458522966,9.787261025477575,6.511332065450879,0,0,
21,13:00:00,20221227,61760197,9.87,9.92,0.05000000000000071,0.005065856129685989,0.004643180411953081,1700,5970,4270,0.9805419123542109342608804008,9.81380882038206,6.681765462178335,0,1,
22,13:10:00,20221227,61760197,9.92,9.88,-0.03999999999999915,-0.004032258064516043,0.004616618570760167,5970,1000,-4970,0.9741051253994761059341929345,9.827047056305648,6.841677189069419,0,0,
23,13:20:00,20221227,61760197,9.88,9.86,-0.02000000000000135,-0.002024291497975845,0.004508604942727487,1000,5600,4600,1.1251840785078312681869348956,9.833637645044519,6.992593329615948,0,1,
24,13:30:00,20221227,61760197,9.86,9.88,0.02000000000000135,0.002028397565923058,0.004409396647655309,5600,3200,-2400,1.0973195725103751603166003569,9.842910116035615,7.13696366313515,0,0,
25,13:40:00,20221227,61760197,9.88,9.82,-0.0600000000000005,-0.006072874493927175,0.0044733765648196115,3200,3325,125,1.0566173774138222695351926509,9.838328092828492,7.271115479978392,0,0,
26,13:50:00,20221227,61760197,9.82,9.78,-0.040000000000000924,-0.004073319755600909,0.00445855964595966,3325,4708,1383,1.0328885800882755243811462509,9.826662474262793,7.396559705979472,0,0,
27,14:00:00,20221227,61760197,9.78,9.79,0.009999999999999787,0.0010224948875255406,0.004335843047444155,4708,2800,-1908,1.0104735461410762194838101319,9.819329979410234,7.516231720680498,0,0,
28,14:10:00,20221227,61760197,9.79,9.81,0.02000000000000135,0.0020429009193055517,0.004256776077508341,2800,10266,7466,1.0675754435647829508316590436,9.817463983528187,7.630920134646473,0,1,
29,14:20:00,20221227,61760197,9.81,9.8,-0.009999999999999787,-0.0010193679918450342,0.004148862474652897,10266,10143,-123,1.0323889720288518456519791561,9.81397118682255,7.73937412791415,0,0,
30,14:30:00,20221227,61760197,9.8,9.84,0.03999999999999915,0.004081632653061137,0.0041466937707305826,10143,4932,-5211,1.0156587899446283567991932698,9.81917694945804,7.8444054215184424,0,0,
31,14:40:00,20221227,61760197,9.84,9.89,0.05000000000000071,0.005081300813008202,0.0041759002408017585,4932,4548,-384,0.9863525427831896208925274826,9.833341559566431,7.946685150442521,0,0,
32,14:50:00,20221227,61760197,9.89,9.88,-0.009999999999999787,-0.0010111223458038206,0.004079997880347275,4548,6101,1553,0.9668106105014144390222467399,9.842673247653146,8.043350892920396,0,0,
33,15:00:00,20221227,61760197,9.88,9.93,0.049999999999998934,0.005060728744939163,0.004108842905776448,6101,7133,1032,0.9433500807200423905997377618,9.860138598122516,8.137683348274376,0,0,
34,15:10:00,20221227,61760197,9.93,9.98,0.05000000000000071,0.005035246727089699,0.004135311586385399,7133,10613,3480,0.9303364574167796385132667139,9.884110878498014,8.229799180860656,0,0,
35,15:20:00,20221227,61760197,9.98,9.99,0.009999999999999787,0.0010020040080160107,0.004048275264764026,10613,34582,23969,0.9672286838723731917458292430,9.90528870279841,8.317809221817623,0,1,
36,15:30:00,20221227,61760197,9.99,10.05,0.0600000000000005,0.006006006006006055,0.004101186906419216,34582,15287,-19295,0.9561670767984897234542838312,9.934230962238729,8.404418760726742,0,0,
37,15:40:00,20221227,61760197,10.05,9.98,-0.07000000000000028,-0.006965174129353262,0.00417655499123327,15287,21781,6494,0.9421838745196037894091101939,9.943384769790983,8.483197822690405,0,0,
38,15:50:00,20221227,61760197,9.98,9.95,-0.030000000000001137,-0.00300601202404821,0.0041465410689977555,21781,29404,7623,0.9269992605818958009869263932,9.944707815832786,8.556537931555885,0,0,
39,09:30:00,20221228,61760197,9.95,10.12,0.16999999999999993,0.017085427135678385,0.004470013220664771,29404,51119,21715,0.9222869032001194575198644427,9.979766252666227,8.634711034978091,0,0,
40,09:40:00,20221228,61760197,10.12,10.13,0.010000000000001563,0.0009881422924902731,0.004385089539489784,51119,24068,-27051,0.9126988572276721423127566133,10.009813002132981,8.709475483229188,0,0,
41,09:50:00,20221228,61760197,10.13,10.03,-0.10000000000000142,-0.009871668311944859,0.00451572236740538,24068,18164,-5904,0.8968085265616271140187331063,10.013850401706385,8.77550170906773,0,0,
42,10:00:00,20221228,61760197,10.03,10,-0.02999999999999936,-0.0029910269192422096,0.004480264333727167,18164,35305,17141,0.8978985563208935970454249679,10.011080321365109,8.836726623614343,0,0,
43,10:10:00,20221228,61760197,10,10.04,0.03999999999999915,0.003999999999999915,0.004469349235233366,35305,28509,-6796,0.8818666341550214256792208966,10.016864257092088,8.896890292433627,0,0,
44,10:20:00,20221228,61760197,10.04,9.87,-0.16999999999999993,-0.016932270916334657,0.00474630305036895,28509,9424,-19085,0.8771459916498277396115160326,9.987491405673671,8.945545777811944,0,0,
45,10:30:00,20221228,61760197,9.87,9.82,-0.049999999999998934,-0.0050658561296858095,0.004753249856441055,9424,9100,-324,0.8588249984748905380675881171,9.953993124538936,8.989268488921347,0,0,
46,10:40:00,20221228,61760197,9.82,9.87,0.049999999999998934,0.00509164969450091,0.0047604498529955205,9100,48309,39209,0.9322261967771549666473986108,9.937194499631149,9.033305064475279,0,1,
47,10:50:00,20221228,61760197,9.87,9.9,0.030000000000001137,0.0030395136778116655,0.004724597016012523,48309,11100,-37209,0.9288512582994612056143573299,9.929755599704919,9.076639811251514,0,0,
48,11:00:00,20221228,61760197,9.9,9.86,-0.040000000000000924,-0.004040404040404133,0.004710633894061332,11100,5794,-5306,0.9196505799263705283164728541,9.915804479763935,9.11580782068894,0,0,
49,11:10:00,20221228,61760197,9.86,9.84,-0.019999999999999574,-0.002028397565922878,0.004656989167498562,5794,9535,3741,0.9141709269747191964522490235,9.900643583811148,9.152017429654492,0,0,
50,11:20:00,20221228,61760197,9.84,9.88,0.040000000000000924,0.004065040650406598,0.004645382333830092,9535,6700,-2835,0.9020759213942387219605986653,9.896514867048918,9.188416558171767,0,0,
51,11:30:00,20221228,61760197,9.88,9.82,-0.0600000000000005,-0.006072874493927175,0.004672834106139652,6700,7494,794,0.8870072971883219612340314694,9.881211893639135,9.219995730263179,0,0,
52,11:40:00,20221228,61760197,9.82,9.81,-0.009999999999999787,-0.0010183299389001819,0.0046038811973238124,7494,10900,3406,0.8788467242390712782285381897,9.866969514911307,9.24949594375002,0,0,
53,11:50:00,20221228,61760197,9.81,9.86,0.049999999999998934,0.005096839959225171,0.004613010063284948,10900,12700,1800,0.8656298888768458671978024332,9.865575611929046,9.28002114656252,0,0,
54,12:00:00,20221228,61760197,9.86,9.75,-0.10999999999999943,-0.011156186612576008,0.004731976909635695,12700,12760,60,0.8499770619781544677512568485,9.842460489543237,9.303520089234395,0,0,
55,12:10:00,20221228,61760197,9.75,9.7,-0.05000000000000071,-0.005128205128205201,0.004739052413538721,12760,11748,-1012,0.8362151563147514630931371141,9.813968391634589,9.323344084772675,0,0,
56,12:20:00,20221228,61760197,9.7,9.7,0,0,0.004655911143125761,11748,9906,-1842,0.8242954631435574111180070810,9.79117471330767,9.34217688053404,0,0,
57,12:30:00,20221228,61760197,9.7,9.69,-0.009999999999999787,-0.0010309278350515245,0.004593411430917584,9906,8015,-1891,0.8133747552864243609385007941,9.770939770646137,9.359568036507339,0,0,
58,12:40:00,20221228,61760197,9.69,9.68,-0.009999999999999787,-0.0010319917440660255,0.004533048385377728,8015,200,-7815,0.8161149592184148210864816269,9.75275181651691,9.375589634681972,0,0,
59,12:50:00,20221228,61760197,9.68,9.74,0.0600000000000005,0.006198347107438068,0.004560803364078733,200,28988,28788,3.2015130432314412407350402664,9.750201453213528,9.393810152947873,0,1,
60,13:00:00,20221228,61760197,9.74,9.76,0.019999999999999574,0.0020533880903490323,0.004519698195656934,28988,6200,-22788,3.1619164096345017390947756983,9.752161162570822,9.412119645300479,0,0,
61,13:10:00,20221228,61760197,9.76,9.78,0.019999999999999574,0.0020491803278688088,0.004479851133273254,6200,31401,25201,3.1764770710816039482977215637,9.757728930056658,9.430513663035455,0,0,
62,13:20:00,20221228,61760197,9.78,9.74,-0.03999999999999915,-0.004089979550102162,0.004473662695445142,31401,4147,-27254,3.1398335325283208683530950126,9.754183144045326,9.445987979883682,0,0,
63,13:30:00,20221228,61760197,9.74,9.68,-0.0600000000000005,-0.0061601642710472785,0.0045000142825639255,4147,1600,-2547,3.1003701792782494815031873798,9.73934651523626,9.457688580889497,0,0,
64,13:40:00,20221228,61760197,9.68,9.71,0.030000000000001137,0.003099173553719126,0.004478462886735544,1600,1800,200,3.0545952534431994894800614201,9.733477212189008,9.470304151845022,0,0,
65,13:50:00,20221228,61760197,9.71,9.67,-0.040000000000000924,-0.004119464469619044,0.004473023516779234,1800,5324,3524,3.0379768068422082514239662134,9.720781769751206,9.48028894425277,0,0,
66,14:00:00,20221228,61760197,9.67,9.63,-0.03999999999999915,-0.004136504653567647,0.004468000847179061,5324,10449,5125,3.0070013632871774791099693417,9.702625415800965,9.487774497040132,0,0,
67,14:10:00,20221228,61760197,9.63,9.65,0.019999999999999574,0.002076843198338481,0.004432836764107876,10449,9475,-974,2.9641515588519265439244744313,9.692100332640772,9.495885772188124,0,0,
68,14:20:00,20221228,61760197,9.65,9.67,0.019999999999999574,0.0020725388601035826,0.004398629548107814,9475,1250,-8225,2.9337736214573764249941323484,9.687680266112617,9.504591483578718,0,0,
69,14:30:00,20221228,61760197,9.67,9.67,0,0,0.004335791983134845,1250,3820,2570,2.9212339982936996189227876006,9.684144212890093,9.512861909399781,0,0,
70,14:40:00,20221228,61760197,9.67,9.74,0.07000000000000028,0.007238883143743566,0.0043766805910307426,3820,7995,4175,2.8954832650384753266719025308,9.695315370312075,9.524218813929792,0,0,
71,14:50:00,20221228,61760197,9.74,9.67,-0.07000000000000028,-0.007186858316221795,0.004415710837213952,7995,4656,-3339,2.8610687200034141595592247101,9.69025229624966,9.531507873233302,0,0,
72,15:00:00,20221228,61760197,9.67,9.56,-0.10999999999999943,-0.011375387797311213,0.004511048877763229,4656,9245,4589,2.8353775041901583331490314987,9.664201836999728,9.532932479571636,0,0,
73,15:10:00,20221228,61760197,9.56,9.55,-0.009999999999999787,-0.001046025104602488,0.004464224232179976,9245,7575,-1670,2.7995026484957171979993336398,9.641361469599783,9.533785855593056,0,0,
74,15:20:00,20221228,61760197,9.55,9.54,-0.010000000000001563,-0.0010471204188483311,0.004418662848002221,7575,5800,-1775,2.7653002589470174263384404344,9.621089175679826,9.534096562813403,0,0,
75,15:30:00,20221228,61760197,9.54,9.46,-0.0799999999999983,-0.00838574423480066,0.004470861287302201,5800,7917,2117,2.7337173608029777233603030603,9.58887134054386,9.530391734672733,0,0,
76,15:40:00,20221228,61760197,9.46,9.46,0,0,0.004412798153700873,7917,7463,-454,2.6989592775964024027271701516,9.563097072435088,9.526872147939097,0,0,
77,15:50:00,20221228,61760197,9.46,9.48,0.019999999999999574,0.002114164904862534,0.004383328496664484,7463,26323,18860,2.6967563876320621684576750513,9.54647765794807,9.524528540542143,0,0,
78,09:30:00,20221229,61760197,9.48,9.72,0.2400000000000002,0.025316455696202552,0.004648304790329523,26323,48151,21828,2.6731168990432991179703208338,9.581182126358456,9.534302113515036,0,0,
79,09:40:00,20221229,61760197,9.72,9.77,0.049999999999998934,0.0051440329218105894,0.004654501391973037,48151,9239,-38912,2.6498044933285076557396846792,9.618945701086766,9.546087007839285,0,0,
80,09:50:00,20221229,61760197,9.77,9.87,0.09999999999999964,0.010235414534288603,0.004723401554223846,9239,14450,5211,2.6240540931678065988520425893,9.669156560869412,9.56228265744732,0,0,
81,10:00:00,20221229,61760197,9.87,9.91,0.040000000000000924,0.0040526849037488275,0.00471522208287659,14450,15818,1368,2.5932079613032823306830730430,9.717325248695529,9.579668524574954,0,0,
82,10:10:00,20221229,61760197,9.91,9.98,0.07000000000000028,0.007063572149344125,0.004743515457171379,15818,9982,-5836,2.5664096336912319138887660773,9.769860198956422,9.599685098346207,0,0,
83,10:20:00,20221229,61760197,9.98,9.99,0.009999999999999787,0.0010020040080160107,0.004698973654205244,9982,4815,-5167,2.5420194206368937755201338930,9.813888159165138,9.619200843428896,0,0,
84,10:30:00,20221229,61760197,9.99,10.05,0.0600000000000005,0.006006006006006055,0.004714350505402901,4815,11129,6314,2.5275405897521179071452528358,9.86111052733211,9.64074080125745,0,0,
85,10:40:00,20221229,61760197,10.05,10.07,0.019999999999999574,0.0019900497512437385,0.004682672589656864,11129,11301,172,2.4983302935603631576759013209,9.90288842186569,9.66220376119458,0,0,
86,10:50:00,20221229,61760197,10.07,10.1,0.02999999999999936,0.002979145978152866,0.004663091824007393,11301,8290,-3011,2.4726763430427854597965606046,9.942310737492551,9.68409357313485,0,0,
87,11:00:00,20221229,61760197,10.1,9.99,-0.10999999999999943,-0.010891089108910835,0.00473386452042675,8290,7522,-768,2.4456304952472148223065486962,9.951848589994041,9.699388894478107,0,0,
88,11:10:00,20221229,61760197,9.99,9.98,-0.009999999999999787,-0.0010010010010009797,0.004691922233691629,7522,7323,-199,2.4184487563102694875829516083,9.957478871995233,9.713419449754202,0,0,
89,11:20:00,20221229,61760197,9.98,9.93,-0.05000000000000071,-0.005010020040080231,0.004695456653762613,7323,38739,31416,2.4392442708345838950699105738,9.951983097596187,9.72424847726649,0,1,
90,11:30:00,20221229,61760197,9.93,9.98,0.05000000000000071,0.005035246727089699,0.004699190610612362,38739,3852,-34887,2.4223357109547396782468965780,9.95758647807695,9.737036053403166,0,0,
91,11:40:00,20221229,61760197,9.98,10.02,0.03999999999999915,0.004008016032064043,0.0046916778434542275,3852,10350,6498,2.4143420172253454131542088562,9.97006918246156,9.751184250733008,0,0,
92,11:50:00,20221229,61760197,10.02,10.06,0.040000000000000924,0.003992015968063965,0.004684154597482289,10350,29100,18750,2.4078608579315089111271494186,9.988055345969247,9.766625038196358,0,0,
93,12:00:00,20221229,61760197,10.06,10.12,0.05999999999999872,0.005964214711729495,0.004697772258272153,29100,11509,-17591,2.3886761862323764590858391722,10.014444276775397,9.78429378628654,0,0,
94,12:10:00,20221229,61760197,10.12,10.14,0.02000000000000135,0.0019762845849803706,0.004669125019605923,11509,4400,-7109,2.3700342316729255756421096214,10.039555421420317,9.802079096972212,0,0,
95,12:20:00,20221229,61760197,10.14,10.15,0.009999999999999787,0.0009861932938855806,0.004630761147463003,4400,2722,-1678,2.3493189129717871463503831007,10.061644337136254,9.819475142123602,0,0,
96,12:30:00,20221229,61760197,10.15,10.13,-0.019999999999999574,-0.0019704433497536524,0.004603335190785587,2722,3353,631,2.3274889740960771824352595075,10.075315469709004,9.835001385017422,0,0,
97,12:40:00,20221229,61760197,10.13,10.11,-0.02000000000000135,-0.0019743336623890767,0.004576508644577459,3353,3855,502,2.3052668077444574121634181923,10.082252375767203,9.84875131576655,0,0,
98,12:50:00,20221229,61760197,10.11,10.08,-0.02999999999999936,-0.0029673590504450406,0.004560254608273091,3855,14287,10432,2.3093155872545914809344227197,10.081801900613762,9.860313749978223,0,0,
99,13:00:00,20221229,61760197,10.08,10.07,-0.009999999999999787,-0.000992063492063471,0.004524572697110995,14287,1700,-12587,2.2950325384724074335570096187,10.07944152049101,9.870798062479313,0,0,
100,13:10:00,20221229,61760197,10.07,10.11,0.03999999999999915,0.003972194637537154,0.004519103607412244,1700,1271,-429,2.2748079880041308311280817425,10.085553216392809,9.882758159355348,0,0,
101,13:20:00,20221229,61760197,10.11,10.09,-0.019999999999999574,-0.0019782393669633604,0.004494193173682353,1271,2000,729,2.2581291265799530933088272425,10.086442573114248,9.89312025138758,0,0,
102,13:30:00,20221229,61760197,10.09,10.07,-0.019999999999999574,-0.0019821605550049133,0.004469804507481601,2000,2262,262,2.2374773874869438399757318324,10.083154058491399,9.901964238818202,0,0,
103,13:40:00,20221229,61760197,10.07,10.1,0.02999999999999936,0.002979145978152866,0.0044554712523919016,2262,4200,1938,2.2242012965085063316184871145,10.086523246793119,9.911866026877293,0,0,
104,13:50:00,20221229,61760197,10.1,10.07,-0.02999999999999936,-0.002970297029702907,0.004441326735985339,4200,1101,-3099,2.2100456379023028699568144481,10.083218597434495,9.919772725533429,0,0,
105,14:00:00,20221229,61760197,10.07,10.05,-0.019999999999999574,-0.001986097318768577,0.004418164194313483,1101,1800,699,2.1951855600371508172789533895,10.076574877947596,9.926284089256757,0,0,
106,14:10:00,20221229,61760197,10.05,9.99,-0.0600000000000005,-0.005970149253731393,0.0044326687275790715,1800,2947,1147,2.1806251550108430733999185188,10.059259902358077,9.92946988479392,0,0,
107,14:20:00,20221229,61760197,9.99,9.98,-0.009999999999999787,-0.0010010010010009797,0.004400894026407052,2947,1585,-1362,2.1647134861076994039516737254,10.043407921886462,9.931996390554223,0,0,
108,14:30:00,20221229,61760197,9.98,9.99,0.009999999999999787,0.0010020040080160107,0.0043697115491741064,1585,3200,1615,2.1542016875635457642951263758,10.03272633750917,9.934896571026512,0,0,
109,14:40:00,20221229,61760197,9.99,10.02,0.02999999999999936,0.003003003003002939,0.004357286926027095,3200,5967,2767,2.1424788313129680755288070451,10.030181070007336,9.939151742475186,0,0,
110,14:50:00,20221229,61760197,10.02,10,-0.019999999999999574,-0.0019960079840318935,0.004336014142765877,5967,1575,-4392,2.1298082856746533195863179623,10.024144856005869,9.942194155351427,0,0,
111,15:00:00,20221229,61760197,10,10.07,0.07000000000000028,0.007000000000000029,0.004359799730776897,1575,2913,1338,2.1183771742804493571240251574,10.033315884804693,9.948584447583857,0,0,
112,15:10:00,20221229,61760197,10.07,10.05,-0.019999999999999574,-0.001986097318768577,0.0043387935147414245,2913,7970,5057,2.1149934026960080853842735852,10.036652707843755,9.953655225204663,0,0,
113,15:20:00,20221229,61760197,10.05,10.05,0,0,0.004300733922506851,7970,25875,17905,2.1161474040833518697064987492,10.039322166275005,9.95847246394443,0,0,
114,15:30:00,20221229,61760197,10.05,10.05,0,0,0.004263336236224182,25875,6523,-19352,2.1042496299751706541203090730,10.041457733020003,9.963048840747208,0,0,
115,15:40:00,20221229,61760197,10.05,10.09,0.03999999999999915,0.003980099502487477,0.004260894540243693,6523,7622,1099,2.0875619673063012977092717672,10.051166186416001,9.969396398709847,0,0,
116,15:50:00,20221229,61760197,10.09,10.1,0.009999999999999787,0.0009910802775024566,0.004232947409792913,7622,14408,6786,2.0773291086281960507620182373,10.0609329491328,9.975926578774356,0,0,
117,09:30:00,20221230,61760197,10.1,9.96,-0.1399999999999988,-0.013861386138613742,0.00431454434817275,14408,18105,3697,2.0618991463443453600561844028,10.04074635930624,9.975130249835637,0,0,
118,09:40:00,20221230,61760197,9.96,9.81,-0.15000000000000036,-0.015060240963855456,0.004404844319733109,18105,10163,-7942,2.0482585094226702701888060990,9.994597087444992,9.966873737343855,0,0,
119,09:50:00,20221230,61760197,9.81,9.88,0.07000000000000028,0.007135575942915421,0.004427600416592961,10163,4246,-5917,2.0360414383222220774341004376,9.971677669955994,9.962530050476662,0,0,
120,10:00:00,20221230,61760197,9.88,9.82,-0.0600000000000005,-0.006072874493927175,0.00444119772301721,4246,7869,3623,2.0262664980826652462292616774,9.941342135964796,9.955403547952828,-1,0,
121,10:10:00,20221230,61760197,9.82,9.93,0.10999999999999943,0.011201629327902182,0.004496611096827743,7869,6800,-1069,2.0107712770832543051608878968,9.939073708771836,9.954133370555187,0,0,
122,10:20:00,20221230,61760197,9.93,9.91,-0.019999999999999574,-0.002014098690835808,0.004476428069136752,6800,3000,-3800,1.9989668238501527637033388321,9.93325896701747,9.951926702027428,0,0,
123,10:30:00,20221230,61760197,9.91,9.86,-0.05000000000000071,-0.005045408678102998,0.004481016622434867,3000,7302,4302,1.9944106397868450801250860996,9.918607173613974,9.947330366926057,0,0,
124,10:40:00,20221230,61760197,9.86,9.92,0.0600000000000005,0.006085192697768814,0.004493850031037539,7302,3200,-4102,1.9829494658709606180324283306,9.91888573889118,9.945963848579755,0,0,
125,10:50:00,20221230,61760197,9.92,9.84,-0.08000000000000007,-0.008064516129032265,0.004522188650862894,3200,4051,851,1.9693223867767466448734408042,9.903108591112945,9.940665656150767,0,0,
126,11:00:00,20221230,61760197,9.84,9.85,0.009999999999999787,0.0010162601626016044,0.0044945829147348525,4051,2600,-1451,1.9566362511694549668035128799,9.892486872890355,9.936132373343227,0,0,
127,11:10:00,20221230,61760197,9.85,9.82,-0.02999999999999936,-0.0030456852791877526,0.004483263401957141,2600,3200,600,1.9431529150725782152599758201,9.877989498312285,9.930325754676065,0,0,
128,11:20:00,20221230,61760197,9.82,9.81,-0.009999999999999787,-0.0010183299389001819,0.004456403452631118,3200,9401,6201,1.9431115165061241205680380230,9.864391598649828,9.924309466942264,0,0,
129,11:30:00,20221230,61760197,9.81,9.84,0.02999999999999936,0.0030581039755351027,0.004445647302807302,9401,4257,-5144,1.9323735497049867024067457501,9.859513278919863,9.920093993595149,0,0,
130,11:40:00,20221230,61760197,9.84,9.84,0,0,0.004411711063854575,4257,300,-3957,1.9247182389171973435381996166,9.85561062313589,9.916089293915391,0,0,
131,11:50:00,20221230,61760197,9.84,9.79,-0.05000000000000071,-0.005081300813008202,0.004416783713469375,300,2914,2614,1.9761471411476226161881627508,9.842488498508711,9.909784829219621,0,1,
132,12:00:00,20221230,61760197,9.79,9.78,-0.009999999999999787,-0.0010214504596526852,0.004391254892012107,2914,4564,1650,1.9655462753008570088696632430,9.82999079880697,9.903295587758642,0,0,
133,12:10:00,20221230,61760197,9.78,9.77,-0.009999999999999787,-0.0010224948875255406,0.0043661148919786254,4564,27100,22536,1.9877270783400980657645035522,9.817992639045576,9.896630808370709,0,1,
134,12:20:00,20221230,61760197,9.77,9.79,0.019999999999999574,0.002047082906857684,0.004348936877274026,27100,701,-26399,1.9802189728807522525672319802,9.812394111236461,9.891299267952173,0,0,
135,12:30:00,20221230,61760197,9.79,9.8,0.010000000000001563,0.0010214504596528667,0.004324470065379753,701,1200,499,1.9708926585819626313428295549,9.809915288989169,9.886734304554563,0,0,
136,12:40:00,20221230,61760197,9.8,9.85,0.049999999999998934,0.005102040816326422,0.004330145764291773,1200,900,-300,1.9583313983003424661505461275,9.817932231191335,9.884897589326835,0,0,
137,12:50:00,20221230,61760197,9.85,9.83,-0.019999999999999574,-0.002030456852791835,0.004313481351889599,900,28470,27570,2.1661212673947844289562184986,9.820345784953068,9.882152709860494,0,1,
138,13:00:00,20221230,61760197,9.83,9.86,0.02999999999999936,0.003051881993896171,0.004304405097515546,28470,2795,-25675,2.1570256214712123455837467713,9.828276627962454,9.881045074367469,0,0,
139,13:10:00,20221230,61760197,9.86,9.78,-0.08000000000000007,-0.00811359026369169,0.004331613562988232,2795,2800,5,2.1416310735233154927702876038,9.818621302369964,9.875992820649095,0,0,
140,13:20:00,20221230,61760197,9.78,9.68,-0.09999999999999964,-0.010224948875255588,0.004373410267330554,2800,19785,16985,2.1694639838428056564487151487,9.79089704189597,9.86619317961664,0,1,
141,13:30:00,20221230,61760197,9.68,9.71,0.030000000000001137,0.003099173553719126,0.004364436769347375,19785,11104,-8681,2.1572759751008258844942761160,9.774717633516776,9.858383520635808,0,0,
142,13:40:00,20221230,61760197,9.71,9.69,-0.02000000000000135,-0.0020597322348096135,0.004348319954420537,11104,2100,-9004,2.1478606113765964940765192427,9.757774106813422,9.849964344604018,0,0,
143,13:50:00,20221230,61760197,9.69,9.67,-0.019999999999999574,-0.002063983488132051,0.004332456506737978,2100,800,-1300,2.1372438544854230395872312453,9.740219285450737,9.840966127373816,0,0,
144,14:00:00,20221230,61760197,9.67,9.58,-0.08999999999999986,-0.009307135470527389,0.004366764637522733,800,6400,5600,2.1707801037648339151762848229,9.708175428360589,9.827917821005125,0,1,
145,14:10:00,20221230,61760197,9.58,9.54,-0.040000000000000924,-0.004175365344467738,0.0043654536834607125,6400,14616,8216,2.1647045551089103952093239679,9.67454034268847,9.813521929954868,0,0,
146,14:20:00,20221230,61760197,9.54,9.56,0.02000000000000135,0.002096436058700351,0.004350018189414724,14616,24029,9413,2.1543597639297944909461832670,9.651632274150776,9.800845833457124,0,0,
147,14:30:00,20221230,61760197,9.56,9.53,-0.030000000000001137,-0.00313807531380765,0.004341829386201163,24029,19850,-4179,2.1409783793957154468679844471,9.627305819320622,9.787303541784269,0,0,
148,14:40:00,20221230,61760197,9.53,9.51,-0.019999999999999574,-0.0020986358866736175,0.004326774396271448,19850,15671,-4179,2.1280223430726194241403697898,9.603844655456497,9.773438364695055,0,0,
149,14:50:00,20221230,61760197,9.51,9.49,-0.019999999999999574,-0.0021030494216613643,0.004311949563107381,15671,3784,-11887,2.1188924266076880141066753925,9.581075724365197,9.759266446460304,0,0,
150,15:00:00,20221230,61760197,9.49,9.52,0.02999999999999936,0.0031612223393044634,0.004304328853015971,3784,9734,5950,2.1152733386698327513667672752,9.568860579492158,9.74730312413729,0,0,
151,15:10:00,20221230,61760197,9.52,9.64,0.120000000000001,0.012605042016806827,0.004358938808040911,9734,34450,24716,2.1180619427227643151733620970,9.583088463593727,9.741937967930424,0,0,
152,15:20:00,20221230,61760197,9.64,9.64,0,0,0.0043304490119099245,34450,14992,-19458,2.1079100253039800146036774495,9.594470770874983,9.736841069533902,0,0,
153,15:30:00,20221230,61760197,9.64,9.7,0.05999999999999872,0.006224066390041361,0.004342745228651038,14992,14509,-483,2.0944315003506900918487976468,9.615576616699986,9.734999016057207,0,0,
154,15:40:00,20221230,61760197,9.7,9.79,0.08999999999999986,0.009278350515463904,0.004374587843404669,14509,10527,-3982,2.0826896864204762923861129928,9.650461293359989,9.737749065254347,0,0,
155,15:50:00,20221230,61760197,9.79,9.83,0.040000000000000924,0.004085801838610922,0.004372736651066247,10527,34085,23558,2.0836843970126846345916573370,9.68636903468799,9.74236161199163,0,0,
156,09:30:00,20230103,61760197,9.83,10.25,0.41999999999999993,0.0427263479145473,0.004617027168668037,34085,52211,18126,2.0737997077108030785024766468,9.799095227750392,9.767743531392048,1,0,
157,09:40:00,20230103,61760197,10.25,10.09,-0.16000000000000014,-0.01560975609756099,0.004686601402395208,52211,36267,-15944,2.0626071542550847239470331908,9.857276182200312,9.783856354822445,0,0,
158,09:50:00,20230103,61760197,10.09,9.94,-0.15000000000000036,-0.014866204162537202,0.004750624061264025,36267,22425,-13842,2.0520352179775551650165455838,9.873820945760249,9.791663537081323,0,0,
159,10:00:00,20230103,61760197,9.94,9.85,-0.08999999999999986,-0.009054325955734393,0.004777522198104465,22425,11675,-10750,2.0422060959699892022028621850,9.869056756608199,9.794580360227258,0,0,
160,10:10:00,20230103,61760197,9.85,9.72,-0.129999999999999,-0.013197969543147108,0.004829823113291065,11675,6601,-5074,2.0322209888794285340364406408,9.83924540528656,9.790851342215895,0,0,
161,10:20:00,20230103,61760197,9.72,9.77,0.049999999999998934,0.0051440329218105894,0.004831762680010321,6601,14720,8119,2.0272687923850766609072528216,9.825396324229247,9.7898087751051,0,0,
162,10:30:00,20230103,61760197,9.77,9.77,0,0,0.004802119964182037,14720,23615,8895,2.0185387991269126803255332124,9.814317059383399,9.788818336349847,0,0,
163,10:40:00,20230103,61760197,9.77,9.85,0.08000000000000007,0.008188331627430918,0.004822767596275018,23615,6712,-16903,2.0105951105501549243142424694,9.821453647506718,9.791877419532353,0,0,
164,10:50:00,20230103,61760197,9.85,9.91,0.0600000000000005,0.0060913705583756856,0.004830456099075627,6712,9770,3058,2.0011709093167126591248059148,9.839162918005375,9.797783548555735,0,0,
165,11:00:00,20230103,61760197,9.91,9.86,-0.05000000000000071,-0.005045408678102998,0.004831750994130009,9770,12947,3177,1.9910745732350116795588557145,9.8433303344043,9.80089437112795,0,0,
166,11:10:00,20230103,61760197,9.86,9.73,-0.129999999999999,-0.013184584178498885,0.004881767959305871,12947,11843,-1104,1.9796625741083679116153659250,9.82066426752344,9.797349652571551,0,0,
167,11:20:00,20230103,61760197,9.73,9.71,-0.019999999999999574,-0.0020554984583761125,0.004864944926562241,11843,4011,-7832,1.9718152904682603329084038163,9.798531414018752,9.792982169942974,0,0,
168,11:30:00,20230103,61760197,9.71,9.67,-0.040000000000000924,-0.004119464469619044,0.004860533799598081,4011,8855,4844,1.9672937732647295216404327372,9.772825131215,9.786833061445824,-1,0,
169,11:40:00,20230103,61760197,9.67,9.7,0.02999999999999936,0.0031023784901757353,0.004850191709542655,8855,2916,-5939,1.9596667188506336768773370904,9.758260104972,9.782491408373533,0,0,
170,11:50:00,20230103,61760197,9.7,9.76,0.0600000000000005,0.00618556701030933,0.00485800092182784,2916,1053,-1863,1.9519428718917930640820830074,9.7586080839776,9.781366837954856,0,0,
171,12:00:00,20230103,61760197,9.76,9.74,-0.019999999999999574,-0.0020491803278688088,0.004841670569537381,1053,4203,3150,1.9579865353776139849478351585,9.75488646718208,9.779298496057113,0,1,
172,12:10:00,20230103,61760197,9.74,9.74,0,0,0.00481368403445335,4203,900,-3303,1.9512112793216009917806427854,9.751909173745664,9.777333571254257,0,0,
173,12:20:00,20230103,61760197,9.74,9.73,-0.009999999999999787,-0.0010266940451745161,0.004791919724170138,900,5399,4499,1.9687266678823325314191959239,9.747527338996532,9.774966892691543,0,1,
174,12:30:00,20230103,61760197,9.73,9.76,0.02999999999999936,0.0030832476875641683,0.0047821558839609615,5399,600,-4799,1.9625560486884112091244511418,9.750021871197227,9.774218548056965,0,0,
175,12:40:00,20230103,61760197,9.76,9.56,-0.1999999999999993,-0.020491803278688454,0.0048714152441582765,600,5423,4823,1.9970775105329846302847288815,9.712017496957781,9.763507620654115,0,1,
176,12:50:00,20230103,61760197,9.56,9.63,0.07000000000000028,0.007322175732217603,0.004885261348610589,5423,14491,9068,1.9952416895324331232071798309,9.695613997566225,9.75683223962141,0,0,
177,13:00:00,20230103,61760197,9.63,9.59,-0.040000000000000924,-0.004153686396677146,0.004881151376970514,14491,7600,-6891,1.9867040201525954679138147733,9.67449119805298,9.74849062764034,0,0,
178,13:10:00,20230103,61760197,9.59,9.63,0.040000000000000924,0.00417101147028164,0.004877184114921973,7600,5500,-2100,1.9771487786404227793250577957,9.665592958442385,9.742566096258324,0,0,
179,13:20:00,20230103,61760197,9.63,9.74,0.10999999999999943,0.01142263759086183,0.004913547745343861,5500,7668,2168,1.9683545177489860871166862625,9.680474366753907,9.742437791445408,0,0,
180,13:30:00,20230103,61760197,9.74,9.69,-0.05000000000000071,-0.0051334702258727626,0.00491476278667275,7668,6200,-1468,1.9585373379055820392143679891,9.682379493403126,9.739815901873138,0,0,
181,13:40:00,20230103,61760197,9.69,9.71,0.02000000000000135,0.0020639834881322344,0.0048990991641532965,6200,2100,-4100,1.9514096070521483201048952121,9.687903594722501,9.738325106779481,0,0,
182,13:50:00,20230103,61760197,9.71,9.77,0.05999999999999872,0.006179196704428292,0.004906094232679389,2100,4600,2500,1.9472515009506403537447071300,9.704322875778,9.739908851440507,0,0,
183,14:00:00,20230103,61760197,9.77,9.77,0,0,0.004879430677067001,4600,12000,7400,1.9454115235116364009715199221,9.7174583006224,9.741413408868482,0,0,
184,14:10:00,20230103,61760197,9.77,9.75,-0.019999999999999574,-0.002047082906857684,0.004864120689119924,12000,7137,-4863,1.9370863260872491771824846793,9.72396664049792,9.741842738425058,0,0,
185,14:20:00,20230103,61760197,9.75,9.67,-0.08000000000000007,-0.008205128205128212,0.004882083095119968,7137,3800,-3337,1.9291856652050039208418703484,9.713173312398336,9.738250601503804,0,0,
186,14:30:00,20230103,61760197,9.67,9.62,-0.05000000000000071,-0.005170630816959743,0.004883626131065635,3800,4874,1074,1.9203805631394550679018209432,9.694538649918668,9.732338071428613,0,0,
187,14:40:00,20230103,61760197,9.62,9.78,0.16000000000000014,0.016632016632016647,0.004946117569900481,4874,21748,16874,1.9285808978892545859688619999,9.711630919934935,9.734721167857183,0,1,
188,14:50:00,20230103,61760197,9.78,9.78,0,0,0.004919947635668203,21748,14320,-7428,1.9201839018588963826880760246,9.725304735947947,9.736985109464324,0,0,
189,15:00:00,20230103,61760197,9.78,9.81,0.030000000000001137,0.0030674846625768034,0.0049101978305466695,14320,10150,-4170,1.9116103082560518530644016462,9.742243788758358,9.740635853991108,1,0,
190,15:10:00,20230103,61760197,9.81,9.9,0.08999999999999986,0.00917431192660549,0.004932523035238077,10150,7951,-2199,1.9027361718060485382274771489,9.773795031006687,9.748604061291552,0,0,
191,15:20:00,20230103,61760197,9.9,9.9,0,0,0.004906832811096212,7951,6900,-1051,1.8935145491969755888556432399,9.79903602480535,9.756173858226973,0,0,
192,15:30:00,20230103,61760197,9.9,9.93,0.02999999999999936,0.0030303030303029657,0.004897109858864122,6900,11161,4261,1.8869032625787739431673471234,9.82522881984428,9.764865165315623,0,0,
193,15:40:00,20230103,61760197,9.93,9.89,-0.03999999999999915,-0.004028197381671616,0.004892630928569315,11161,4861,-6300,1.8800865733370376246079254806,9.838183055875424,9.771121907049842,0,0,
194,15:50:00,20230103,61760197,9.89,9.9,0.009999999999999787,0.0010111223458038206,0.004872725756350005,4861,29474,24613,1.8964110598751126857769166392,9.85054644470034,9.777565811697349,0,1,
195,09:30:00,20230104,61760197,9.9,10.28,0.379999999999999,0.038383838383838284,0.005043700820775965,29474,64132,34658,1.8927349005380769532633438256,9.936437155760272,9.80268752111248,0,0,
196,09:40:00,20230104,61760197,10.28,10.36,0.08000000000000007,0.007782101167315182,0.0050576013301492605,64132,29308,-34824,1.8858834799875287698713894803,10.021149724608218,9.830553145056857,0,0,
197,09:50:00,20230104,61760197,10.36,10.44,0.08000000000000007,0.007722007722007729,0.005071057928087939,29308,18326,-10982,1.8782512905774813712937972135,10.104919779686576,9.861025487804016,0,0,
198,10:00:00,20230104,61760197,10.44,10.37,-0.07000000000000028,-0.006704980842911905,0.005079268596001628,18326,64378,46052,1.8814406431158133993237400830,10.157935823749261,9.886474213413814,0,0,
199,10:10:00,20230104,61760197,10.37,10.44,0.07000000000000028,0.0067502410800386005,0.005087623458421813,64378,12159,-52219,1.8760890955589997490843987134,10.214348658999409,9.914150502743125,0,0,
200,10:20:00,20230104,61760197,10.44,10.46,0.02000000000000135,0.0019157088122606658,0.005071842788540414,12159,13372,1213,1.8672516448027056058728648031,10.263478927199527,9.941442977605968,0,0,
201,10:30:00,20230104,61760197,10.46,10.49,0.02999999999999936,0.002868068833651946,0.005060933016486511,13372,26694,13322,1.8629398091529580250842315617,10.308783141759623,9.96887082872567,0,0,
202,10:40:00,20230104,61760197,10.49,10.55,0.0600000000000005,0.005719733079123022,0.0050641783369921095,26694,8414,-18280,1.8571361553244507681405301714,10.3570265134077,9.997927287289386,0,0,
203,10:50:00,20230104,61760197,10.55,10.55,0,0,0.005039353933379403,8414,11000,2586,1.8495391393736195620023393754,10.395621210726159,10.025530922924917,0,0,
204,11:00:00,20230104,61760197,10.55,10.53,-0.02000000000000135,-0.0018957345971565259,0.005024019204910023,11000,3184,-7816,1.8439830726183602204582037953,10.422496968580926,10.050754376778672,0,0,
205,11:10:00,20230104,61760197,10.53,10.53,0,0,0.004999630762167742,3184,5800,2616,1.8390200870241012146556184766,10.44399757486474,10.074716657939739,0,0,
206,11:20:00,20230104,61760197,10.53,10.56,0.030000000000001137,0.002849002849002957,0.004989241255340859,5800,9785,3985,1.8334551057607830511998442078,10.467198059891793,10.098980825042752,0,0,
207,11:30:00,20230104,61760197,10.56,10.64,0.08000000000000007,0.007575757575757582,0.005001676429958247,9785,10725,940,1.8251022706669044388438094236,10.501758447913435,10.126031783790614,0,0,
208,11:40:00,20230104,61760197,10.64,10.69,0.049999999999998934,0.004699248120300652,0.005000229404553187,10725,15010,4285,1.8182813688911479560445545163,10.539406758330747,10.154230194601082,0,0,
209,11:50:00,20230104,61760197,10.69,10.78,0.08999999999999986,0.008419083255378846,0.00501650966098569,15010,16194,1184,1.8099985087829483015855498009,10.587525406664597,10.185518684871028,0,0,
210,12:00:00,20230104,61760197,10.78,10.8,0.02000000000000135,0.0018552875695734092,0.005001527565765727,16194,5479,-10715,1.8045561689978570282990665403,10.630020325331678,10.216242750627476,0,0,
211,12:10:00,20230104,61760197,10.8,10.77,-0.030000000000001137,-0.002777777777777883,0.004991038179973332,5479,7950,2471,1.7981714451208073853587398508,10.658016260265342,10.2439306130961,0,0,
212,12:20:00,20230104,61760197,10.77,10.75,-0.019999999999999574,-0.001857010213556135,0.0049763244336521245,7950,13684,5734,1.7931155128039736423560516990,10.676413008212274,10.269234082441296,0,0,
213,12:30:00,20230104,61760197,10.75,10.81,0.0600000000000005,0.005581395348837255,0.004979151867835233,13684,2300,-11384,1.7886239472819199254419668235,10.70313040656982,10.29627237831923,0,0,
214,12:40:00,20230104,61760197,10.81,10.86,0.049999999999998934,0.0046253469010174774,0.004977506263338406,2300,3200,900,1.7821247863542183767493146017,10.734504325255855,10.324458759403267,0,0,
215,12:50:00,20230104,61760197,10.86,10.79,-0.07000000000000028,-0.006445672191528572,0.004984303327820768,3200,4790,1590,1.7761745558618377361162159230,10.745603460204684,10.347735821433105,0,0,
216,13:00:00,20230104,61760197,10.79,10.77,-0.019999999999999574,-0.0018535681186283202,0.004969875976626332,4790,10240,5450,1.7732326779839833324950036487,10.750482768163748,10.36884903036145,0,0,
217,13:10:00,20230104,61760197,10.77,10.85,0.08000000000000007,0.007428040854224705,0.004981151962303389,10240,2200,-8040,1.7687002173051577208780540907,10.770386214530998,10.392906578843377,0,0,
218,13:20:00,20230104,61760197,10.85,10.79,-0.0600000000000005,-0.005529953917050737,0.004983657907302236,2200,12873,10673,1.7827763059766576233564025361,10.774308971624798,10.412761249901209,0,1,
219,13:30:00,20230104,61760197,10.79,10.8,0.010000000000001563,0.0009267840593143248,0.004965217571629563,12873,3081,-9792,1.7781303311785115693937509786,10.779447177299838,10.432123187406148,0,0,
220,13:40:00,20230104,61760197,10.8,10.75,-0.05000000000000071,-0.004629629629629695,0.004963699074154451,3081,3049,-32,1.7701314891289904288089932139,10.773557741839872,10.44801702803584,0,0,
221,13:50:00,20230104,61760197,10.75,10.7,-0.05000000000000071,-0.00465116279069774,0.004962291253057799,3049,9015,5966,1.7709719198855606056836462233,10.758846193471896,10.460616176634048,0,0,
222,14:00:00,20230104,61760197,10.7,10.61,-0.08999999999999986,-0.008411214953271016,0.004977757278619294,9015,20757,11742,1.7688711302908550557107619319,10.729076954777517,10.468085367802345,0,0,
223,14:10:00,20230104,61760197,10.61,10.7,0.08999999999999986,0.008482563619227132,0.0049934037354970075,20757,16358,-4399,1.7619204935754769220021274339,10.723261563822014,10.479681099412229,0,0,
224,14:20:00,20230104,61760197,10.7,10.51,-0.1899999999999995,-0.01775700934579435,0.005050130871542774,16358,25751,9393,1.7566418000557834926260529884,10.68060925105761,10.481197044441616,0,0,
225,14:30:00,20230104,61760197,10.51,10.52,0.009999999999999787,0.0009514747859181529,0.005031995225146205,25751,4500,-21251,1.7525205952098446149677897831,10.64848740084609,10.483137192219536,0,0,
226,14:40:00,20230104,61760197,10.52,10.5,-0.019999999999999574,-0.001901140684410606,0.005018202914394065,4500,9100,4600,1.7493034217605599348235361815,10.618789920676871,10.483980332608558,0,0,
227,14:50:00,20230104,61760197,10.5,10.57,0.07000000000000028,0.006666666666666694,0.0050254330185707,9100,1500,-7600,1.7452940419947892121481485879,10.609031936541498,10.48828131597813,0,0,
228,15:00:00,20230104,61760197,10.57,10.62,0.049999999999998934,0.004730368968779464,0.0050241445292703015,1500,16000,14500,1.7798851888274174979757403699,10.611225549233197,10.494867250179224,0,1,
229,15:10:00,20230104,61760197,10.62,10.64,0.02000000000000135,0.0018832391713748918,0.005010488419018582,16000,13072,-2928,1.7729422097455591610280197596,10.616980439386557,10.502123887670264,0,0,
230,15:20:00,20230104,61760197,10.64,10.58,-0.0600000000000005,-0.005639097744360949,0.005013209671509242,13072,26873,13801,1.7698375597200613687960662387,10.609584351509245,10.50601769328675,0,0,
231,15:30:00,20230104,61760197,10.58,10.5,-0.08000000000000007,-0.00756143667296787,0.005024193408584494,26873,32073,5200,1.7630430132225582331715936736,10.587667481207395,10.505716808622413,0,0,
232,15:40:00,20230104,61760197,10.5,10.48,-0.019999999999999574,-0.0019047619047618642,0.005010805290542337,32073,44655,12582,1.7571599641638608449826442793,10.566133984965916,10.504430968191294,0,0,
233,15:50:00,20230104,61760197,10.48,10.58,0.09999999999999964,0.009541984732824393,0.005030169305252944,44655,27797,-16858,1.7512640519901169177960848373,10.568907187972732,10.508209419781728,0,0,
234,09:30:00,20230105,61760197,10.58,10.07,-0.5099999999999998,-0.048204158790170114,0.005213888409444081,27797,90653,62856,1.7534342101270091922625659484,10.469125750378186,10.486298948792642,-1,0,
235,09:40:00,20230105,61760197,10.07,9.88,-0.1899999999999995,-0.018867924528301838,0.005271744494693478,90653,32942,-57711,1.7487019225527553947073615720,10.35130060030255,10.45598400135301,0,0,
236,09:50:00,20230105,61760197,9.88,9.86,-0.02000000000000135,-0.002024291497975845,0.005258042161373994,32942,23064,-9878,1.7425886670172325504124981149,10.253040480242039,10.426184801285359,0,0,
237,10:00:00,20230105,61760197,9.86,10,0.14000000000000057,0.014198782961460505,0.005295608299189483,23064,31428,8364,1.7367905763160041360290809344,10.202432384193632,10.404875561221091,0,0,
238,10:10:00,20230105,61760197,10,9.82,-0.17999999999999972,-0.01799999999999997,0.005348764749820489,31428,19765,-11663,1.7310763990170175731332273375,10.125945907354906,10.375631783160037,0,0,
239,10:20:00,20230105,61760197,9.82,9.73,-0.08999999999999986,-0.009164969450101819,0.005364665602738328,19765,49309,29544,1.7300917618160370198966605447,10.046756725883924,10.343350194002035,0,0,
240,10:30:00,20230105,61760197,9.73,9.76,0.02999999999999936,0.0030832476875641683,0.005355199138360012,49309,10906,-38403,1.7261445899352177936745797335,9.989405380707138,10.314182684301933,0,0,
241,10:40:00,20230105,61760197,9.76,9.74,-0.019999999999999574,-0.0020491803278688088,0.005341537903605916,10906,24865,13959,1.7243007596007770183117818777,9.93952430456571,10.285473550086836,0,0,
242,10:50:00,20230105,61760197,9.74,9.63,-0.10999999999999943,-0.01129363449691986,0.005366032128269759,24865,8250,-16615,1.7199547001989415395560776251,9.877619443652568,10.252699872582495,0,0,
243,11:00:00,20230105,61760197,9.63,9.71,0.08000000000000007,0.008307372793354108,0.005378086803126662,8250,24731,16481,1.7210929881886875565946580323,9.844095554922054,10.22556487895337,0,0,
244,11:10:00,20230105,61760197,9.71,9.72,0.009999999999999787,0.0010298661174047154,0.005360338963593103,24731,28700,3969,1.7147231671690642577419180624,9.819276443937644,10.200286635005703,0,0,
245,11:20:00,20230105,61760197,9.72,9.66,-0.0600000000000005,-0.00617283950617289,0.0053636418113271675,28700,7150,-21550,1.7108050692543094145084129140,9.787421155150115,10.173272303255418,0,0,
246,11:30:00,20230105,61760197,9.66,9.66,0,0,0.005341926662293454,7150,25743,18593,1.7144067474371647627070850058,9.761936924120093,10.147608688092648,0,1,
247,11:40:00,20230105,61760197,9.66,9.71,0.05000000000000071,0.005175983436853076,0.00534125753638442,25743,8276,-17467,1.7102297627605795004926201138,9.751549539296075,10.125728253688015,0,0,
248,11:50:00,20230105,61760197,9.71,9.63,-0.08000000000000007,-0.008238928939237906,0.005352894770934032,8276,35793,27517,1.7167144441072292430364654206,9.72723963143686,10.100941841003614,0,1,
249,12:00:00,20230105,61760197,9.63,9.71,0.08000000000000007,0.008307372793354108,0.005364712683023713,35793,22693,-13100,1.7113115597334209502087053327,9.723791705149488,10.081394748953434,0,0,
250,12:10:00,20230105,61760197,9.71,9.63,-0.08000000000000007,-0.008238928939237906,0.005376163743805442,22693,8500,-14193,1.7069853589225928710613040771,9.70503336411959,10.058825011505762,0,0,
251,12:20:00,20230105,61760197,9.63,9.67,0.03999999999999915,0.004153686396676962,0.005371312643221599,8500,6134,-2366,1.7013161826616955604151691169,9.698026691295672,10.039383760930473,0,0,
252,12:30:00,20230105,61760197,9.67,9.72,0.05000000000000071,0.005170630816959743,0.005370519434422145,6134,1877,-4257,1.6973346983511870098961372145,9.702421353036538,10.02341457288395,0,0,
253,12:40:00,20230105,61760197,9.72,9.66,-0.0600000000000005,-0.00617283950617289,0.005373678174862108,1877,5828,3951,1.6989395015662244544328307791,9.69393708242923,10.005243844239754,0,0,
254,12:50:00,20230105,61760197,9.66,9.69,0.02999999999999936,0.003105590062111735,0.005364783711674852,5828,2078,-3750,1.6948003091515609933050537609,9.693149665943384,9.989481652027767,0,0,
255,13:00:00,20230105,61760197,9.69,9.69,0,0,0.005343827525301122,2078,2923,845,1.6897684368539473328140319293,9.692519732754707,9.974507569426379,0,0,
256,13:10:00,20230105,61760197,9.69,9.67,-0.019999999999999574,-0.002063983488132051,0.005331065486245989,2923,1804,-1119,1.6846830571924087131002425741,9.688015786203765,9.95928219095506,0,0,
257,13:20:00,20230105,61760197,9.67,9.8,0.13000000000000078,0.01344364012409522,0.005362509573989591,1804,34881,33077,1.7492205874112696738454581209,9.710412628963013,9.951318081407306,0,1,
258,13:30:00,20230105,61760197,9.8,9.76,-0.040000000000000924,-0.0040816326530613185,0.005357564103252416,34881,6597,-28284,1.7455976169886676313695006017,9.720330103170411,9.94175217733694,0,0,
259,13:40:00,20230105,61760197,9.76,9.74,-0.019999999999999574,-0.0020491803278688088,0.005344839550270171,6597,30808,24211,1.7529991704457901926944941329,9.72426408253633,9.931664568470094,0,1,
260,13:50:00,20230105,61760197,9.74,9.74,0,0,0.005324361237817029,30808,6664,-24144,1.7492853519666503384574332541,9.727411266029064,9.922081340046589,0,0,
261,14:00:00,20230105,61760197,9.74,9.77,0.02999999999999936,0.003080082135523548,0.005315795287044916,6664,4822,-1842,1.7436636924714558344026737538,9.73592901282325,9.914477273044259,0,0,
262,14:10:00,20230105,61760197,9.77,9.73,-0.03999999999999915,-0.004094165813715368,0.005311150308058872,4822,10454,5632,1.7414747814401896320999439548,9.7347432102586,9.905253409392046,0,0,
263,14:20:00,20230105,61760197,9.73,9.74,0.009999999999999787,0.0010277492291880562,0.00529492530397224,10454,4000,-6454,1.7372168138631944039380497059,9.73579456820688,9.896990738922444,0,0,
264,14:30:00,20230105,61760197,9.74,9.87,0.129999999999999,0.013347022587268892,0.005325310576739397,4000,19573,15573,1.7453527881505031043005476315,9.762635654565504,9.895641201976321,0,1,
265,14:40:00,20230105,61760197,9.87,9.93,0.0600000000000005,0.0060790273556231515,0.005328144098464524,19573,25941,6368,1.7400144172931363317401280458,9.796108523652403,9.897359141877505,0,0,
266,14:50:00,20230105,61760197,9.93,9.9,-0.02999999999999936,-0.0030211480362537122,0.005319503663774596,25941,13707,-12234,1.7352638338965290132916709432,9.816886818921922,9.897491184783629,0,0,
267,15:00:00,20230105,61760197,9.9,9.79,-0.11000000000000121,-0.011111111111111233,0.0053411141393243594,13707,4344,-9363,1.7313377809234812179106234194,9.811509455137537,9.892116625544446,0,0,
268,15:10:00,20230105,61760197,9.79,9.77,-0.019999999999999574,-0.0020429009193053704,0.0053288531236365564,4344,4151,-193,1.7250667449260180653756533816,9.80320756411003,9.886010794267223,0,0,
269,15:20:00,20230105,61760197,9.77,9.72,-0.049999999999998934,-0.00511770726714421,0.005328071101945844,4151,17925,13774,1.7309673739059266095110474971,9.786566051288025,9.877710254553863,0,1,
270,15:30:00,20230105,61760197,9.72,9.7,-0.02000000000000135,-0.002057613168724419,0.005316002991491152,17925,39194,21269,1.7289584724917184266920063866,9.76925284103042,9.868824741826169,0,0,
271,15:40:00,20230105,61760197,9.7,9.67,-0.02999999999999936,-0.0030927835051545735,0.005307829390438445,39194,8339,-30855,1.7254962642933184228634110642,9.749402272824335,9.858883504734859,0,0,
272,15:50:00,20230105,61760197,9.67,9.68,0.009999999999999787,0.0010341261633919118,0.005292174799863183,8339,48747,40408,1.7369254536103226479779121112,9.735521818259468,9.849939329498115,0,1,
273,09:30:00,20230106,61760197,9.68,9.79,0.10999999999999943,0.011363636363636305,0.00531433341870907,48747,92836,44089,1.7338872052459357549105656287,9.746417454607574,9.846942363023208,0,0,
274,09:40:00,20230106,61760197,9.79,9.69,-0.09999999999999964,-0.010214504596527034,0.005332152222992045,92836,25708,-67128,1.7302115483657203333169488393,9.73513396368606,9.839095244872048,0,0,
275,09:50:00,20230106,61760197,9.69,9.73,0.040000000000000924,0.004127966976264286,0.005327789232967669,25708,17451,-8257,1.7251063763325707331348434381,9.734107170948848,9.833640482628445,0,0,
276,10:00:00,20230106,61760197,9.73,9.96,0.23000000000000043,0.02363823227132584,0.005393891915416615,17451,42185,24734,1.7239953063115754446532556622,9.779285736759078,9.839958458497021,0,0,
277,10:10:00,20230106,61760197,9.96,10.05,0.08999999999999986,0.009036144578313239,0.005406993543700416,42185,8863,-33322,1.7206352570939076512720376468,9.833428589407262,9.85046053557217,0,0,
278,10:20:00,20230106,61760197,10.05,9.96,-0.08999999999999986,-0.008955223880597,0.005419711215158826,8863,15598,6735,1.7171917640965110791131959600,9.858742871525811,9.855937508793561,1,0,
279,10:30:00,20230106,61760197,9.96,10.12,0.15999999999999837,0.016064257028112285,0.005457727450205088,15598,13622,-1976,1.7115113753249704558162513813,9.910994297220649,9.869140633353883,0,0,
280,10:40:00,20230106,61760197,10.12,10.17,0.05000000000000071,0.004940711462450663,0.0054558875356579195,13622,50085,36463,1.7149464696028899539618801093,9.962795437776519,9.884183601686189,0,1,
281,10:50:00,20230106,61760197,10.17,10.18,0.009999999999999787,0.0009832841691248561,0.005440027240031915,50085,5208,-44877,1.7120424635812076122871115587,10.006236350221215,9.89897442160188,0,0,
282,11:00:00,20230106,61760197,10.18,10.19,0.009999999999999787,0.000982318271119822,0.00542427561823364,5208,4459,-749,1.7065010315696170386352744306,10.042989080176973,9.913525700521785,0,0,
283,11:10:00,20230106,61760197,10.19,10.17,-0.019999999999999574,-0.0019627085377820976,0.005412087001753177,4459,46674,42215,1.7338280327448245455485952593,10.068391264141578,9.926349415495695,0,1,
284,11:20:00,20230106,61760197,10.17,10.14,-0.02999999999999936,-0.0029498525073745683,0.005403447582474656,46674,12753,-33921,1.7302944760179995172380865246,10.082713011313263,9.93703194472091,0,0,
285,11:30:00,20230106,61760197,10.14,10.19,0.049999999999998934,0.004930966469427902,0.0054017955506108556,12753,10900,-1853,1.7247525343021993276643355198,10.10417040905061,9.949680347484865,0,0,
286,11:40:00,20230106,61760197,10.19,10.24,0.05000000000000071,0.004906771344455418,0.005400070727592892,10900,3198,-7702,1.7212049836760145075794519546,10.131336327240488,9.964196330110623,0,0,
287,11:50:00,20230106,61760197,10.24,10.25,0.009999999999999787,0.0009765624999999792,0.005384711324024861,3198,7128,3930,1.7194955672679774809707652240,10.155069061792389,9.978486513605091,0,0,
288,12:00:00,20230106,61760197,10.25,10.26,0.009999999999999787,0.0009756097560975402,0.005369454917215424,7128,3398,-3730,1.7153564422599744676171407369,10.176055249433912,9.992562187924836,0,0,
289,12:10:00,20230106,61760197,10.26,10.28,0.019999999999999574,0.0019493177387913815,0.0053576613407381,3398,3620,222,1.7096667046954848152445858423,10.19684419954713,10.006934078528595,0,0,
290,12:20:00,20230106,61760197,10.28,10.27,-0.009999999999999787,-0.0009727626459143762,0.005342592960343517,3620,7715,4095,1.7076788997639307769396501085,10.211475359637705,10.020087374602165,0,0,
291,12:30:00,20230106,61760197,10.27,10.25,-0.019999999999999574,-0.001947419668938615,0.005330965654551034,7715,6388,-1327,1.7024197343275904658821614054,10.219180287710163,10.031583005872056,0,0,
292,12:40:00,20230106,61760197,10.25,10.24,-0.009999999999999787,-0.0009756097560975402,0.005316100958651876,6388,3274,-3114,1.6982731704509506870006540318,10.22334423016813,10.042003855578454,0,0,
293,12:50:00,20230106,61760197,10.24,10.21,-0.02999999999999936,-0.0029296874999999375,0.005307983906071427,3274,5625,2351,1.6949391863917827917828795425,10.220675384134504,10.050403662799532,0,0,
294,13:00:00,20230106,61760197,10.21,10.23,0.019999999999999574,0.00195886385896176,0.00529663095675919,5625,5429,-196,1.6893117465885714753512238303,10.222540307307604,10.059383479659555,0,0,
295,13:10:00,20230106,61760197,10.23,10.25,0.019999999999999574,0.0019550342130986876,0.005285341778571148,5429,2720,-2709,1.6852903789382219046400768654,10.228032245846084,10.068914305676577,0,0,
296,13:20:00,20230106,61760197,10.25,10.26,0.009999999999999787,0.0009756097560975402,0.005270830896340598,2720,3896,1176,1.6810717343666335163693536912,10.234425796676867,10.078468590392747,0,0,
297,13:30:00,20230106,61760197,10.26,10.35,0.08999999999999986,0.00877192982456139,0.0052825795504621445,3896,17900,14004,1.6874924864397523887804180405,10.257540637341494,10.09204516087311,0,1,
298,13:40:00,20230106,61760197,10.35,10.38,0.030000000000001137,0.002898550724637791,0.005274606209907548,17900,4671,-13229,1.6843204389243338488130838197,10.282032509873195,10.106442902829453,0,0,
299,13:50:00,20230106,61760197,10.38,10.38,0,0,0.005257024189207857,4671,2063,-2608,1.6805671664129404545307703147,10.301626007898557,10.12012075768798,0,0,
300,14:00:00,20230106,61760197,10.38,10.41,0.02999999999999936,0.0028901734104045626,0.005249160897583926,2063,2735,672,1.6760660768724849102266862080,10.323300806318844,10.134614719803581,0,0,
301,14:10:00,20230106,61760197,10.41,10.43,0.019999999999999574,0.0019212295869355978,0.005238141257482442,2735,5732,2997,1.6741446502828433418531738688,10.344640645055076,10.149383983813403,0,0,
302,14:20:00,20230106,61760197,10.43,10.38,-0.049999999999998934,-0.004793863854266437,0.005236674995425623,5732,47743,42011,1.6928082140315960692687699477,10.351712516044062,10.160914784622733,0,1,
303,14:30:00,20230106,61760197,10.38,10.44,0.05999999999999872,0.005780346820809125,0.005238463389588069,47743,10901,-36842,1.6897781650851460460678557545,10.369370012835251,10.174869045391597,0,0,
304,14:40:00,20230106,61760197,10.44,10.45,0.009999999999999787,0.0009578544061302479,0.005224428606035748,10901,34810,23909,1.6914290072314995383634382938,10.3854960102682,10.188625593122019,0,0,
305,14:50:00,20230106,61760197,10.45,10.47,0.02000000000000135,0.0019138755980862537,0.005213609805356175,34810,43078,8268,1.6866776639222813831369866424,10.402396808214561,10.20269431346592,0,0,
306,15:00:00,20230106,61760197,10.47,10.52,0.049999999999998934,0.004775549188156536,0.005212182897808294,43078,25140,-17938,1.6825399759191361122661055734,10.425917446571649,10.218559597792623,0,0,
307,15:10:00,20230106,61760197,10.52,10.51,-0.009999999999999787,-0.000950570342205303,0.005198346493406986,25140,9897,-15243,1.6790457700958236643300836734,10.44273395725732,10.233131617902991,0,0,
308,15:20:00,20230106,61760197,10.51,10.49,-0.019999999999999574,-0.0019029495718363059,0.005187681778450446,9897,18674,8777,1.6764819792355164263792303900,10.452187165805856,10.245975037007842,0,0,
309,15:30:00,20230106,61760197,10.49,10.55,0.0600000000000005,0.005719733079123022,0.005189398072968744,18674,16730,-1944,1.6714097856248996236923471699,10.471749732644685,10.26117628515745,0,0,
310,15:40:00,20230106,61760197,10.55,10.54,-0.010000000000001563,-0.0009478672985783472,0.005175759710350125,16730,19768,3038,1.6666193681732407690049106246,10.48539978611575,10.275117470899577,0,0,
311,15:50:00,20230106,61760197,10.54,10.48,-0.05999999999999872,-0.005692599620493238,0.005177416248523661,19768,24067,4299,1.6619746672596221806359704906,10.4843198288926,10.285361597354598,0,0,
312,09:30:00,20230109,61760197,10.48,10.46,-0.019999999999999574,-0.0019083969465648447,0.005166972097399192,24067,53468,29401,1.6605678193749114433954626084,10.479455863114081,10.294093517486868,0,0,
313,09:40:00,20230109,61760197,10.46,10.63,0.16999999999999993,0.016252390057361368,0.005202275976252575,53468,32518,-20950,1.6565272312449115622203023843,10.509564690491267,10.310888841612524,0,0,
314,09:50:00,20230109,61760197,10.63,10.76,0.129999999999999,0.012229539040451457,0.005224584747884952,32518,9920,-22598,1.6534745676158180263148864054,10.559651752393012,10.333344399531898,0,0,
315,10:00:00,20230109,61760197,10.76,10.77,0.009999999999999787,0.0009293680297397572,0.005210992289916138,9920,39410,29490,1.6576495919526809949943717588,10.60172140191441,10.355177179555302,0,1,
316,10:10:00,20230109,61760197,10.77,10.71,-0.05999999999999872,-0.005571030640668405,0.005212128057584127,39410,19196,-20214,1.6540384434092317464959980181,10.62337712153153,10.372918320577538,0,0,
317,10:20:00,20230109,61760197,10.71,10.71,0,0,0.005195737717780403,19196,6092,-13104,1.6509837382951416103490319347,10.640701697225225,10.389772404548662,0,0,
318,10:30:00,20230109,61760197,10.71,10.72,0.009999999999999787,0.0009337068160597372,0.005182377119342407,6092,2348,-3744,1.6477348127636907314069966932,10.65656135778018,10.406283784321229,0,0,
319,10:40:00,20230109,61760197,10.72,10.72,0,0,0.005166182190844462,2348,16500,14152,1.6614208203494430394386411403,10.669249086224145,10.421969595105166,0,1,
320,10:50:00,20230109,61760197,10.72,10.65,-0.07000000000000028,-0.0065298507462686825,0.005170430379490643,16500,2800,-13700,1.6588316683555289810697678129,10.665399268979314,10.433371115349908,0,0,
321,11:00:00,20230109,61760197,10.65,10.64,-0.009999999999999787,-0.0009389671361502147,0.005157289189293934,2800,4198,1398,1.6552305939640078174195955082,10.660319415183451,10.443702559582412,0,0,
322,11:10:00,20230109,61760197,10.64,10.74,0.09999999999999964,0.00939849624060147,0.005170419861279406,4198,1240,-2958,1.6522875309740679633998223729,10.676255532146762,10.458517431603292,0,0,
323,11:20:00,20230109,61760197,10.74,10.8,0.0600000000000005,0.005586592178770996,0.0051717043437408,1240,5408,4168,1.6575622309481623374673856451,10.701004425717409,10.475591560023126,0,1,
324,11:30:00,20230109,61760197,10.8,10.76,-0.040000000000000924,-0.003703703703703789,0.005167187418694532,5408,12399,6991,1.6564396225361415921777727516,10.712803540573926,10.48981198202197,0,0,
325,11:40:00,20230109,61760197,10.76,10.82,0.0600000000000005,0.005576208178438708,0.005168442083601723,12399,2076,-10323,1.6539124063397469641720973967,10.73424283245914,10.506321382920873,0,0,
326,11:50:00,20230109,61760197,10.82,10.81,-0.009999999999999787,-0.0009242144177448971,0.00515546279410369,2076,8700,6624,1.6586122199138966835547886546,10.749394265967311,10.52150531377483,0,1,
327,12:00:00,20230109,61760197,10.81,10.8,-0.009999999999999787,-0.0009250693802034955,0.005142565253207653,8700,9499,799,1.6538354725375121513334098134,10.75951541277385,10.535430048086088,0,0,
328,12:10:00,20230109,61760197,10.8,10.72,-0.08000000000000007,-0.007407407407407414,0.005149449271913427,9499,5100,-4399,1.6502162199738496100115058088,10.75161233021908,10.544658545681783,0,0,
329,12:20:00,20230109,61760197,10.72,10.72,0,0,0.005133844880180356,5100,1000,-4100,1.6476516907273453717399320241,10.745289864175264,10.553425618397693,0,0,
330,12:30:00,20230109,61760197,10.72,10.7,-0.02000000000000135,-0.0018656716417911705,0.0051239712450190595,1000,1500,500,1.6441844650756011259038597219,10.73623189134021,10.560754337477809,0,0,
331,12:40:00,20230109,61760197,10.7,10.72,0.02000000000000135,0.0018691588785047992,0.005114167593312691,1500,1040,-460,1.6401557970081043353639886585,10.732985513072169,10.568716620603917,0,0,
332,12:50:00,20230109,61760197,10.72,10.74,0.019999999999999574,0.0018656716417910048,0.005104412350215028,1040,900,-140,1.6356346546285466184871737237,10.734388410457735,10.577280789573722,0,0,
333,13:00:00,20230109,61760197,10.74,10.68,-0.0600000000000005,-0.005586592178770996,0.005105856002396333,900,1400,500,1.6324008848708430524304922322,10.723510728366186,10.582416750095037,0,0,
334,13:10:00,20230109,61760197,10.68,10.7,0.019999999999999574,0.0018726591760299227,0.005096204668586284,1400,500,-900,1.6294470229543842458773948140,10.718808582692947,10.588295912590285,0,0,
335,13:20:00,20230109,61760197,10.7,10.69,-0.009999999999999787,-0.0009345794392523165,0.005083818879213266,500,2200,1700,1.6347165258622581022884739961,10.713046866154357,10.59338111696077,0,1,
336,13:30:00,20230109,61760197,10.69,10.63,-0.05999999999999872,-0.005612722170252453,0.005085388325180741,2200,6916,4716,1.6362266737488281483836525194,10.696437492923486,10.595212061112731,0,0,
337,13:40:00,20230109,61760197,10.63,10.56,-0.07000000000000028,-0.006585136406397016,0.005089825449681382,6916,4634,-2282,1.6323619780104293683169256170,10.66914999433879,10.593451458057094,0,0,
338,13:50:00,20230109,61760197,10.56,10.58,0.019999999999999574,0.0018939393939393534,0.005080398057186567,4634,1270,-3364,1.6296881630719151864313494452,10.651319995471031,10.592778885154239,0,0,
339,14:00:00,20230109,61760197,10.58,10.63,0.05000000000000071,0.004725897920604982,0.005079355409726033,1270,5930,4660,1.6356869959410644863693582136,10.647055996376825,10.594639940896526,0,1,
340,14:10:00,20230109,61760197,10.63,10.63,0,0,0.00506445993931628,5930,4712,-1218,1.6314925950440249723894606332,10.643644797101459,10.596407943851698,0,0,
341,14:20:00,20230109,61760197,10.63,10.63,0,0,0.005049651576920618,4712,3062,-1650,1.6277460371032147443851248459,10.640915837681167,10.598087546659112,0,0,
342,14:30:00,20230109,61760197,10.63,10.57,-0.0600000000000005,-0.005644402634054609,0.005051385545017218,3062,2440,-622,1.6235926527552399993707120664,10.626732670144932,10.596683169326155,0,0,
343,14:40:00,20230109,61760197,10.57,10.61,0.03999999999999915,0.003784295175023571,0.0050477021427788645,2440,5460,3020,1.6224708860845351938063957570,10.623386136115945,10.597349010859848,0,0,
344,14:50:00,20230109,61760197,10.61,10.55,-0.05999999999999872,-0.005655042412817976,0.005049462549358688,5460,1600,-3860,1.6198172304928690250119046380,10.608708908892755,10.594981560316855,0,0,
345,15:00:00,20230109,61760197,10.55,10.59,0.03999999999999915,0.0037914691943127152,0.005045826730413468,1600,11960,10360,1.6338495506359532185812343934,10.604967127114204,10.594732482301012,0,1,
346,15:10:00,20230109,61760197,10.59,10.57,-0.019999999999999574,-0.0018885741265344262,0.005036728019739465,11960,5960,-6000,1.6305867918179898824622230002,10.597973701691362,10.59349585818596,0,0,
347,15:20:00,20230109,61760197,10.57,10.55,-0.019999999999999574,-0.0018921475875117856,0.005027691869072144,5960,3618,-2342,1.6270303729338411419606633453,10.58837896135309,10.591321065276663,-1,0,
348,15:30:00,20230109,61760197,10.55,10.48,-0.07000000000000028,-0.00663507109004742,0.005032297540192417,3618,3660,42,1.6224016573195577061853741751,10.566703169082473,10.585755012012829,0,0,
349,15:40:00,20230109,61760197,10.48,10.47,-0.009999999999999787,-0.0009541984732824223,0.005020645828572674,3660,4221,561,1.6182041631230006560646571810,10.547362535265979,10.579967261412188,0,0,
350,15:50:00,20230109,61760197,10.47,10.47,0,0,0.005006341994303236,4221,35136,30915,1.6344602590019411956883074023,10.531890028212782,10.574468898341578,0,1,
351,09:30:00,20230110,61760197,10.47,10.48,0.009999999999999787,0.0009551098376313072,0.004994832812039963,35136,36191,1055,1.6299022076524210675812486966,10.521512022570226,10.569745453424499,0,0,
352,09:40:00,20230110,61760197,10.48,10.42,-0.0600000000000005,-0.005725190839694703,0.004996901814951166,36191,16368,-19823,1.6268365721116527681005322482,10.50120961805618,10.562258180753275,0,0,
353,09:50:00,20230110,61760197,10.42,10.46,0.040000000000000924,0.0038387715930903,0.004993630260652125,16368,9212,-7156,1.6234760013596543233419379827,10.492967694444944,10.557145271715612,0,0,
354,10:00:00,20230110,61760197,10.46,10.42,-0.040000000000000924,-0.0038240917782027648,0.0049903357860536755,9212,14582,5370,1.6205449007974589212556739142,10.478374155555954,10.550288008129833,0,0,
355,10:10:00,20230110,61760197,10.42,10.42,0,0,0.004976317988901839,14582,10076,-4506,1.6168608171142839306196600205,10.466699324444763,10.543773607723342,0,0,
356,10:20:00,20230110,61760197,10.42,10.34,-0.08000000000000007,-0.007677543186180429,0.004983884446037073,10076,7280,-2796,1.6131090811220424657846404287,10.44135945955581,10.533584927337174,0,0,
357,10:30:00,20230110,61760197,10.34,10.29,-0.05000000000000071,-0.00483558994197299,0.004983470215578793,7280,29169,21889,1.6170018791335193561896253179,10.411087567644648,10.521405680970314,0,1,
358,10:40:00,20230110,61760197,10.29,10.24,-0.049999999999998934,-0.00485908649173945,0.004983123742810438,29169,10300,-18869,1.6142996047961718950155018011,10.376870054115718,10.5073353969218,0,0,
359,10:50:00,20230110,61760197,10.24,10.32,0.08000000000000007,0.007812500000000007,0.004990983121302631,10300,27353,17053,1.6144144144160746537753023220,10.365496043292575,10.497968627075709,0,0,
360,11:00:00,20230110,61760197,10.32,10.31,-0.009999999999999787,-0.0009689922480619948,0.004979841872346286,27353,4792,-22561,1.6122271417415299087752890712,10.35439683463406,10.488570195721923,0,0,
361,11:10:00,20230110,61760197,10.31,10.33,0.019999999999999574,0.0019398642095052932,0.004971444143995896,4792,2880,-1912,1.6088756809371359537703711225,10.349517467707248,10.480641685935828,0,0,
362,11:20:00,20230110,61760197,10.33,10.31,-0.019999999999999574,-0.0019361084220715947,0.004963082337599411,2880,3300,420,1.6048452612467673515102139936,10.3416139741658,10.472109601639035,0,0,
363,11:30:00,20230110,61760197,10.31,10.28,-0.030000000000001137,-0.0029097963142581122,0.004957441441930891,3300,3499,199,1.6006020133595592826957087437,10.329291179332639,10.462504121557084,0,0,
364,11:40:00,20230110,61760197,10.28,10.32,0.040000000000000924,0.003891050583657678,0.004954519823141101,3499,6555,3056,1.5986096582485137801214685225,10.32743294346611,10.45537891547923,0,0,
365,11:50:00,20230110,61760197,10.32,10.35,0.02999999999999936,0.0029069767441859845,0.004948925443143956,6555,5300,-1255,1.5947649785897128781992316174,10.331946354772889,10.450109969705268,0,0,
366,12:00:00,20230110,61760197,10.35,10.34,-0.009999999999999787,-0.0009661835748792065,0.004938073285464761,5300,4165,-1135,1.5910030874856434327956760534,10.333557083818311,10.444604471220005,0,0,
367,12:10:00,20230110,61760197,10.34,10.32,-0.019999999999999574,-0.001934235976789127,0.0049299106840824895,4165,2010,-2155,1.5880857067120006898957373883,10.33084566705465,10.438374247659006,0,0,
368,12:20:00,20230110,61760197,10.32,10.31,-0.009999999999999787,-0.0009689922480619948,0.004919176487778911,2010,2684,674,1.5846906868647718997183176683,10.32667653364372,10.431955535276055,0,0,
369,12:30:00,20230110,61760197,10.31,10.41,0.09999999999999964,0.009699321047526637,0.004932095797399851,2684,2686,2,1.5804097529988748443160902902,10.343341226914976,10.430857758512252,0,0,
370,12:40:00,20230110,61760197,10.41,10.4,-0.009999999999999787,-0.0009606147934677989,0.004921390996850169,2686,2300,-386,1.5765372418483599675046781978,10.354672981531982,10.429314870586639,0,0,
371,12:50:00,20230110,61760197,10.4,10.39,-0.009999999999999787,-0.000961538461538441,0.0049107462319702986,2300,400,-1900,1.5745199023716755028888989086,10.361738385225586,10.427349127057308,0,0,
372,13:00:00,20230110,61760197,10.39,10.45,0.05999999999999872,0.005774783445620666,0.0049130626856261975,400,4994,4594,1.6010895541079444693690895281,10.379390708180468,10.428481670704443,0,1,
373,13:10:00,20230110,61760197,10.45,10.38,-0.06999999999999851,-0.006698564593301293,0.004917836754898056,4994,7420,2426,1.5981074508604029946368283371,10.379512566544374,10.42605758716922,0,0,
374,13:20:00,20230110,61760197,10.38,10.38,0,0,0.004904722523551661,7420,4994,-2426,1.5947177087991687843151013771,10.3796100532355,10.42375470781076,0,0,
375,13:30:00,20230110,61760197,10.38,10.44,0.05999999999999872,0.005780346820809125,0.004907051311576281,4994,2019,-2975,1.5920607863231853441289686475,10.391688042588399,10.424566972420223,0,0,
376,13:40:00,20230110,61760197,10.44,10.44,0,0,0.004894035260351941,2019,5800,3781,1.5928052119881394850819624377,10.401350434070718,10.425338623799211,0,0,
377,13:50:00,20230110,61760197,10.44,10.41,-0.02999999999999936,-0.0028735632183907434,0.0048886900962197685,5800,3600,-2200,1.5895949081067623600073978591,10.403080347256573,10.42457169260925,0,0,
378,14:00:00,20230110,61760197,10.41,10.44,0.02999999999999936,0.002881844380403397,0.004883394988790174,3600,1298,-2302,1.5870879147989462177499758184,10.410464277805257,10.425343107978788,0,0,
379,14:10:00,20230110,61760197,10.44,10.46,0.02000000000000135,0.0019157088122606658,0.004875585288325623,1298,7686,6388,1.5958624665112788911125590059,10.420371422244207,10.427075952579848,0,1,
380,14:20:00,20230110,61760197,10.46,10.47,0.009999999999999787,0.0009560229445506488,0.0048652977231188645,7686,4738,-2948,1.5926805558766090139328993839,10.430297137795367,10.429222154950857,1,0,
381,14:30:00,20230110,61760197,10.47,10.46,-0.009999999999999787,-0.0009551098376313072,0.0048550616291777975,4738,1586,-3152,1.5902527523355919868951727285,10.436237710236295,10.430761047203314,0,0,
382,14:40:00,20230110,61760197,10.46,10.46,0,0,0.004842385228057229,1586,2411,825,1.5874588196787541715276525142,10.440990168189037,10.432222994843148,0,0,
383,14:50:00,20230110,61760197,10.46,10.46,0,0,0.004829774849859163,2411,1564,-847,1.5842396730437074711747202396,10.44479213455123,10.433611845100991,0,0,
384,15:00:00,20230110,61760197,10.46,10.43,-0.030000000000001137,-0.002868068833652116,0.004824679509557327,1564,1705,141,1.5803589296142054309765648896,10.441833707640985,10.43343125284594,0,0,
385,15:10:00,20230110,61760197,10.43,10.51,0.08000000000000007,0.0076701821668264695,0.004832051278099475,1705,2487,782,1.5774529505903161989710112100,10.455466966112787,10.437259690203643,0,0,
386,15:20:00,20230110,61760197,10.51,10.49,-0.019999999999999574,-0.0019029495718363059,0.004824482539840397,2487,5104,2617,1.5760958933883511316422547463,10.462373572890229,10.43989670569346,0,0,
387,15:30:00,20230110,61760197,10.49,10.39,-0.09999999999999964,-0.009532888465204923,0.0048366176066583465,5104,4735,-369,1.5722201210812793867323083993,10.447898858312183,10.437401870408788,0,0,
388,15:40:00,20230110,61760197,10.39,10.47,0.08000000000000007,0.0076997112608277254,0.004843977744586802,4735,6580,1845,1.5691800989991964144473889105,10.452319086649748,10.43903177688835,0,0,
389,15:50:00,20230110,61760197,10.47,10.56,0.08999999999999986,0.008595988538681935,0.004853598285084482,6580,20401,13821,1.5705423447121514793655309809,10.473855269319799,10.445080188043931,0,0,
