N-term, time, date, conId, Previous Price, Current Price, Difference in Price ($), Difference in Price (%), cumulativeAggregatedAvg, Previous Volume, Current Volume, Difference in Volume, cumulativeAggregatedAvgVolume, SMA 5, SMA20, Crossing SMA Condition, Volume Condition, Order
0,09:30:00,20221227,88819288,113.39,113.01,-0.37999999999999545,-0.003351265543698699,0.003351265543698699,39717,39717,0,0,,,0,0,
1,09:40:00,20221227,88819288,113.01,112.7,-0.3100000000000023,-0.0027431200778692353,0.003047192810783967,39717,23474,-16243,0.2044842258982299770878968704,,,0,0,
2,09:50:00,20221227,88819288,112.7,112.58,-0.12000000000000455,-0.0010647737355812294,0.0023863864523830545,23474,38278,14804,0.3465412149253088660407625781,,,0,1,
3,10:00:00,20221227,88819288,112.58,112.67,0.09000000000000341,0.0007994315153668805,0.001989647718129011,38278,21746,-16532,0.3678791595350653007140193446,,,0,0,
4,10:10:00,20221227,88819288,112.67,113.21,0.539999999999992,0.004792757610721505,0.0025502696966475096,21746,14119,-7627,0.3644495614181745619176699961,75.8776992,,0,0,
5,10:20:00,20221227,88819288,113.21,113.2,-0.009999999999990905,-8.83314194858308E-05,0.0021399466504538967,14119,10446,-3673,0.3470656182958664825008607004,83.34215936,,0,0,
6,10:30:00,20221227,88819288,113.2,113.37,0.1700000000000017,0.0015017667844523118,0.0020487780981679558,10446,10893,447,0.3035978869876607266927045931,89.347727488,,0,0,
7,10:40:00,20221227,88819288,113.37,113.67,0.29999999999999716,0.002646202699126728,0.002123456173287802,10893,31220,20327,0.4989057477358867859066076601,94.21218199040001,,0,1,
8,10:50:00,20221227,88819288,113.67,113.36,-0.3100000000000023,-0.00272719275094574,0.0021905380152497955,31220,23455,-7765,0.4711071946562569707738427261,98.04174559232001,,0,0,
9,11:00:00,20221227,88819288,113.36,113.3,-0.060000000000002274,-0.000529287226534953,0.0020244129363783114,23455,15641,-7814,0.4573113334298126849094194426,101.093396473856,,0,0,
10,11:10:00,20221227,88819288,113.3,113.15,-0.14999999999999147,-0.0013239187996468798,0.0019607316512209086,15641,25496,9855,0.4730171034272221727666929865,103.50471717908479,,0,0,
11,11:20:00,20221227,88819288,113.15,113,-0.15000000000000568,-0.001325673884224531,0.0019078101706378771,25496,15265,-10231,0.4670388974701424461531732044,105.40377374326783,,0,0,
12,11:30:00,20221227,88819288,113,113.18,0.18000000000000682,0.0015929203539823613,0.0018835878770489913,15265,12998,-2267,0.4425366486360487454273892896,106.95901899461427,,0,0,
13,11:40:00,20221227,88819288,113.18,113.19,0.009999999999990905,8.835483300928525E-05,0.0017553569453318694,12998,27583,14585,0.4910765813786060531831692668,108.20521519569141,,0,1,
14,11:50:00,20221227,88819288,113.19,112.94,-0.25,-0.0022086756780634333,0.0017855781941806404,27583,13693,-13890,0.4919095452955933502744903513,109.15217215655312,,0,0,
15,12:00:00,20221227,88819288,112.94,113.29,0.3500000000000085,0.003098990614485643,0.001867666470449703,13693,9859,-3834,0.4786650161395804251242831451,109.9797377252425,,0,0,
16,12:10:00,20221227,88819288,113.29,113.39,0.09999999999999432,0.0008826904404624795,0.0018097267039798664,9859,14124,4265,0.4759552890218073338830744106,110.661790180194,,0,0,
17,12:20:00,20221227,88819288,113.39,113.06,-0.3299999999999983,-0.0029103095511067846,0.0018708701954869174,14124,12101,-2023,0.4574706273657451277730467863,111.1414321441552,,0,0,
18,12:30:00,20221227,88819288,113.06,113.29,0.23000000000000398,0.002034318061206474,0.001879472714735315,12101,13645,1544,0.4401086343953821660727017119,111.57114571532416,,0,0,
19,12:40:00,20221227,88819288,113.29,112.91,-0.38000000000000966,-0.0033542236737576984,0.001953210262686434,13645,10116,-3529,0.4310346794070165022542260253,111.83891657225934,72.58202385723274,0,0,
20,12:50:00,20221227,88819288,112.91,112.95,0.04000000000000625,0.0003542644584182646,0.0018770699862927119,10116,11824,1708,0.4185492870211620381483129481,112.06113325780747,74.6004226643711,0,0,
21,13:00:00,20221227,88819288,112.95,113.33,0.37999999999999545,0.003364320495794559,0.0019446722821791595,11824,18139,6315,0.4238008294551244722612663699,112.31490660624597,76.53690153115254,0,0,
22,13:10:00,20221227,88819288,113.33,113.08,-0.25,-0.002205947233742169,0.001956032062681899,18139,18715,576,0.4067553491532850467564158780,112.46792528499678,78.3640564545949,0,0,
23,13:20:00,20221227,88819288,113.08,112.82,-0.2600000000000051,-0.002299257163070438,0.0019703331085314216,18715,16701,-2014,0.3942911351551469007726988882,112.53834022799742,80.08685363186517,0,0,
24,13:30:00,20221227,88819288,112.82,112.79,-0.029999999999986926,-0.000265910299592155,0.001902156196173851,16701,15345,-1356,0.3817671994669219839657894956,112.58867218239794,81.72201095027191,0,0,
25,13:40:00,20221227,88819288,112.79,112.66,-0.13000000000000966,-0.0011525844489760587,0.0018733265135893204,15345,29358,14013,0.4022067872158256162089279777,112.60293774591835,83.26891040275831,0,1,
26,13:50:00,20221227,88819288,112.66,112.6,-0.060000000000002274,-0.0005325758920646394,0.0018236690831624804,29358,16690,-12668,0.4032917500386511083573717011,112.60235019673468,84.73546488262039,0,0,
27,14:00:00,20221227,88819288,112.6,112.56,-0.03999999999999204,-0.00035523978685605723,0.0017712251797229652,16690,16464,-226,0.3893720819137151180327878320,112.59388015738774,86.12669163848938,0,0,
28,14:10:00,20221227,88819288,112.56,112.64,0.0799999999999983,0.0007107320540156209,0.0017346564512502982,16464,15292,-1172,0.3784001348513106122703891631,112.60310412591019,87.4523570565649,0,0,
29,14:20:00,20221227,88819288,112.64,112.55,-0.09000000000000341,-0.0007990056818182121,0.0017034680922692286,15292,14351,-941,0.3678379784685696542905330486,112.59248330072816,88.70723920373666,0,0,
30,14:30:00,20221227,88819288,112.55,112.66,0.10999999999999943,0.000977343402932025,0.0016800447151938348,14351,15000,649,0.3574310543045742417898341206,112.60598664058253,89.90487724354982,0,0,
31,14:40:00,20221227,88819288,112.66,112.92,0.2600000000000051,0.0023078288656133952,0.001699662969894446,15000,22203,7203,0.3612675838575562967339018043,112.66878931246603,91.05563338137233,0,0,
32,14:50:00,20221227,88819288,112.92,113.06,0.14000000000000057,0.0012398157987956126,0.0016857282071338752,22203,26824,4621,0.3566269003512469903797470671,112.74703144997284,92.15585171230371,0,0,
33,15:00:00,20221227,88819288,113.06,113.26,0.20000000000000284,0.001768972227136059,0.0016881765606633512,26824,21002,-5822,0.3525215338061185614158403644,112.84962515997827,93.21105912668853,0,0,
34,15:10:00,20221227,88819288,113.26,113.45,0.18999999999999773,0.0016775560656895436,0.0016878731179498139,21002,29728,8726,0.3543204682572645719633317879,112.96970012798262,94.2230061703541,0,0,
35,15:20:00,20221227,88819288,113.45,113.46,0.009999999999990905,8.814455707352053E-05,0.0016434362134810278,29728,16564,-13164,0.3567786456579642852944544039,113.0677601023861,95.1848558618364,0,0,
36,15:30:00,20221227,88819288,113.46,113.72,0.2600000000000051,0.0022915564956813425,0.0016609529778648202,16564,51518,34954,0.4041694680101208338144989441,113.19820808190889,96.11161306874459,0,1,
37,15:40:00,20221227,88819288,113.72,113.43,-0.28999999999999204,-0.002550123109391418,0.0016843521918523622,51518,31515,-20003,0.4037511151743488680036452228,113.2445664655271,96.97753241530735,0,0,
38,15:50:00,20221227,88819288,113.43,113.3,-0.13000000000000966,-0.0011460812836111228,0.0016705503736923304,31515,127896,96381,0.4718153935645988469919699691,113.25565317242167,97.79365579454199,0,1,
39,09:30:00,20221228,88819288,113.3,113.65,0.3500000000000085,0.00308914386584297,0.0017060152109960964,127896,119857,-8039,0.4615914026705642536241388815,113.33452253793735,98.58647300481489,0,0,
40,09:40:00,20221228,88819288,113.65,113.34,-0.3100000000000023,-0.0027276726792785063,0.0017309336858322528,119857,30300,-89557,0.4685574354144853490786147307,113.33561803034988,99.32414935457415,0,0,
41,09:50:00,20221228,88819288,113.34,113.13,-0.21000000000000796,-0.00185283218634205,0.001733836031082486,30300,27760,-2540,0.4593972198769567414430010058,113.29449442427989,100.01444188684543,0,0,
42,10:00:00,20221228,88819288,113.13,112.91,-0.21999999999999886,-0.0019446654291522926,0.0017387390403399235,27760,29870,2110,0.4504812065201238221158298143,113.21759553942391,100.65921979250317,0,0,
43,10:10:00,20221228,88819288,112.91,113.18,0.27000000000001023,0.002391285094323003,0.0017535696324759026,29870,27502,-2368,0.4420447442451473341782519492,113.21007643153914,101.28525880287802,0,0,
44,10:20:00,20221228,88819288,113.18,112.35,-0.8300000000000125,-0.007333451139777456,0.001877566999304826,27502,27871,369,0.4325196878401747326021481627,113.03806114523131,101.8384958627341,0,0,
45,10:30:00,20221228,88819288,112.35,112.04,-0.30999999999998806,-0.0027592345349353635,0.0018967336848620116,27871,56287,28416,0.4452813114852963488275574073,112.83844891618504,102.3485710695974,0,1,
46,10:40:00,20221228,88819288,112.04,112.18,0.14000000000000057,0.0012495537308104298,0.001882963898605595,56287,29524,-26763,0.4459237072088949441774315804,112.70675913294804,102.84014251611752,0,0,
47,10:50:00,20221228,88819288,112.18,112.34,0.1599999999999966,0.0014262791941522248,0.001873449633929483,29524,20472,-9052,0.4430210887659647473235341227,112.63340730635844,103.31513539031165,0,0,
48,11:00:00,20221228,88819288,112.34,112.14,-0.20000000000000284,-0.0017803097739006839,0.0018715488204595076,20472,39415,18943,0.4528637731200882187975559917,112.53472584508674,103.75637862079607,0,1,
49,11:10:00,20221228,88819288,112.14,112.09,-0.04999999999999716,-0.00044587123238806097,0.0018430352686980788,39415,24756,-14659,0.4512447825745962603330599017,112.4457806760694,104.17305968975627,0,0,
50,11:20:00,20221228,88819288,112.09,112.38,0.28999999999999204,0.002587206708894567,0.0018576268655646766,24756,33230,8474,0.4491086271585856397975705999,112.43262454085553,104.58340670526846,0,0,
51,11:30:00,20221228,88819288,112.38,112.11,-0.269999999999996,-0.0024025627335824526,0.0018681064014880954,33230,36214,2984,0.4421988146163509811188550793,112.36809963268442,104.95973637000505,0,0,
52,11:40:00,20221228,88819288,112.11,111.97,-0.14000000000000057,-0.001248773526001254,0.0018564208755355136,36214,53530,17316,0.4428772826160526838741544382,112.28847970614754,105.3102495515048,0,0,
53,11:50:00,20221228,88819288,111.97,112.11,0.14000000000000057,0.0012503349111369169,0.001845197061379984,53530,16516,-37014,0.4474807168486957500095221147,112.25278376491804,105.65023707392956,0,0,
54,12:00:00,20221228,88819288,112.11,111.61,-0.5,-0.00445990545000446,0.001892737213900429,16516,24032,7516,0.4476187741380756802070635982,112.12422701193444,105.94822522023308,0,0,
55,12:10:00,20221228,88819288,111.61,111.4,-0.20999999999999375,-0.0018815518322730378,0.001892537474942797,24032,17190,-6842,0.4447095768920776101139614306,111.97938160954754,106.22081395922143,0,0,
56,12:20:00,20221228,88819288,111.4,111.28,-0.12000000000000455,-0.001077199281867186,0.0018782332961169092,17190,15802,-1388,0.4383242267529975512079685574,111.83950528763803,106.47377326126036,0,0,
57,12:30:00,20221228,88819288,111.28,111.24,-0.04000000000000625,-0.00035945363048172404,0.0018520474398128542,15802,25976,10174,0.4418676461464932814470605982,111.71960423011043,106.71208459819734,0,0,
58,12:40:00,20221228,88819288,111.24,111.5,0.2600000000000051,0.0023372887450557813,0.0018602718687152767,25976,12578,-13398,0.4431204623208097890715243496,111.67568338408834,106.95148036828748,0,0,
59,12:50:00,20221228,88819288,111.5,111.44,-0.060000000000002274,-0.0005381165919282715,0.0018382359474354933,12578,17538,4960,0.4423074433259097711474484058,111.62854670727067,107.1759063498731,0,0,
60,13:00:00,20221228,88819288,111.44,111.64,0.20000000000000284,0.001794687724335991,0.0018375220421387802,17538,23233,5695,0.4403798370031055132583645148,111.63083736581655,107.39911103237944,0,0,
61,13:10:00,20221228,88819288,111.64,111.82,0.1799999999999926,0.001612325331422363,0.001833889837127225,23233,18780,-4453,0.4363683400409888144098609383,111.66866989265324,107.62015548076046,0,0,
62,13:20:00,20221228,88819288,111.82,111.55,-0.269999999999996,-0.002414594884635987,0.001843107377563872,18780,20819,2039,0.4311652386109215612237484001,111.6449359141226,107.81664770672243,0,0,
63,13:30:00,20221228,88819288,111.55,111.21,-0.3400000000000034,-0.0030479605558046026,0.0018619332084738834,20819,20144,-675,0.4249348802974212910505313133,111.55794873129807,107.98631532138631,0,0,
64,13:40:00,20221228,88819288,111.21,111.32,0.10999999999999943,0.0009891196834816963,0.0018485053080893883,20144,19312,-832,0.4190328455409667984076203470,111.51035898503845,108.152999555317,0,0,
65,13:50:00,20221228,88819288,111.32,111.2,-0.11999999999999034,-0.0010779734099891334,0.0018368305823605966,19312,24654,5342,0.4168750081207671181877162803,111.44828718803078,108.30534957755114,0,0,
66,14:00:00,20221228,88819288,111.2,111.15,-0.04999999999999716,-0.0004496402877697586,0.0018161262496055094,24654,20462,-4192,0.4131908029297537059765647145,111.38862975042463,108.44758209867359,0,0,
67,14:10:00,20221228,88819288,111.15,111.39,0.23999999999999488,0.0021592442645073763,0.001821172102765831,20462,38470,18008,0.4200566789800875958185009383,111.3889038003397,108.59470299373992,0,1,
68,14:20:00,20221228,88819288,111.39,111.32,-0.07000000000000739,-0.0006284226591256611,0.001803885878944959,38470,26942,-11528,0.4183118296375304480273978649,111.37512304027176,108.73096784405293,0,0,
69,14:30:00,20221228,88819288,111.32,111.27,-0.04999999999999716,-0.00044915558749548294,0.0017845325890671092,26942,32910,5968,0.4155004160644081083290224376,111.3540984322174,108.85791945185028,0,0,
70,14:40:00,20221228,88819288,111.27,111.47,0.20000000000000284,0.0017974296755639693,0.0017847142381726988,32910,17608,-15302,0.4161971011369363989529998543,111.37727874577392,108.98852347925776,0,0,
71,14:50:00,20221228,88819288,111.47,111.22,-0.25,-0.002242755898448013,0.0017910759278987449,17608,21143,3535,0.4132049333116903175373835140,111.34582299661913,109.10009730529487,0,0,
72,15:00:00,20221228,88819288,111.22,110.78,-0.4399999999999977,-0.0039561229994605086,0.0018207341069612349,21143,30503,9360,0.4136089713689060102964151961,111.2326583972953,109.18409244003013,0,0,
73,15:10:00,20221228,88819288,110.78,110.82,0.03999999999999204,0.00036107600649929627,0.001801008997495533,30503,58094,27591,0.4202430931107347980576227545,111.15012671783624,109.26588781802862,0,1,
74,15:20:00,20221228,88819288,110.82,110.64,-0.1799999999999926,-0.0016242555495397278,0.0017986522848561222,58094,28275,-29819,0.4214837026398485269892715682,111.048101374269,109.33459342712719,0,0,
75,15:30:00,20221228,88819288,110.64,110.39,-0.25,-0.002259580621836587,0.0018047171313953388,28275,64933,36658,0.4329968248455622795600651586,110.9164810994152,109.38736375577082,0,1,
76,15:40:00,20221228,88819288,110.39,110.32,-0.07000000000000739,-0.0006341154090045057,0.0017895145116240292,64933,65317,384,0.4274502919002752403324829793,110.79718487953215,109.43399556798228,0,0,
77,15:50:00,20221228,88819288,110.32,110.43,0.11000000000001364,0.0009970993473532783,0.0017793553428513272,65317,248191,182874,0.4578649264231033025535333772,110.72374790362572,109.48379578958317,0,1,
78,09:30:00,20221229,88819288,110.43,111.52,1.0899999999999892,0.009870506203024442,0.001881774973992759,248191,60326,-187865,0.4616506513742229495463091022,110.88299832290058,109.58560600010401,0,0,
79,09:40:00,20221229,88819288,111.52,111.56,0.04000000000000625,0.00035868005738886525,0.0018627362875352103,60326,42518,-17808,0.4595699694968397785971473306,111.01839865832046,109.68432570009881,0,0,
80,09:50:00,20221229,88819288,111.56,111.84,0.28000000000000114,0.0025098601649336783,0.0018707254712067964,42518,43092,574,0.4540629348689300788544694262,111.18271892665638,109.79210941509386,0,0,
81,10:00:00,20221229,88819288,111.84,112,0.1599999999999966,0.0014306151645207133,0.001865358272344771,43092,54522,11430,0.4517602948029306360972837801,111.34617514132509,109.90250394433916,0,0,
82,10:10:00,20221229,88819288,112,112.48,0.480000000000004,0.0042857142857143215,0.0018945191881685004,54522,46399,-8123,0.4481124084863988803428262877,111.57294011306007,110.03137874712219,0,0,
83,10:20:00,20221229,88819288,112.48,112.53,0.04999999999999716,0.000444523470839235,0.0018772573343907712,46399,24233,-22166,0.4484649490169931302063222177,111.76435209044806,110.15630980976607,0,0,
84,10:30:00,20221229,88819288,112.53,112.88,0.3499999999999943,0.003110281702657019,0.0018917635034291975,24233,62645,38412,0.4618372579930715480544729862,111.98748167235846,110.29249431927778,0,1,
85,10:40:00,20221229,88819288,112.88,113.1,0.21999999999999886,0.0019489723600283387,0.0018924287226919781,62645,38242,-24403,0.4609966417062103744186341861,112.20998533788676,110.43286960331389,0,0,
86,10:50:00,20221229,88819288,113.1,113.22,0.12000000000000455,0.001061007957559722,0.0018828721621732165,38242,21954,-16288,0.4605934521060028343130280226,112.41198827030942,110.5722261231482,0,0,
87,11:00:00,20221229,88819288,113.22,112.82,-0.4000000000000057,-0.0035329447094153477,0.0019016229865736953,21954,28087,6133,0.4585339451164217338382190122,112.49359061624753,110.68461481699079,0,0,
88,11:10:00,20221229,88819288,112.82,112.74,-0.0799999999999983,-0.0007090941322460406,0.0018882237859632722,28087,23597,-4490,0.4551780629651426074487005467,112.54287249299803,110.78738407614125,0,0,
89,11:20:00,20221229,88819288,112.74,112.84,0.10000000000000853,0.0008869966294128839,0.001877099039779379,23597,25986,2389,0.4512454365240279318035069549,112.60229799439843,110.89001487233418,0,0,
90,11:30:00,20221229,88819288,112.84,112.97,0.12999999999999545,0.0011520737327188537,0.0018691317287127798,25986,16813,-9173,0.4501657918152906870504802060,112.67583839551875,110.99401412871747,0,0,
91,11:40:00,20221229,88819288,112.97,113.26,0.29000000000000625,0.002567053199964648,0.0018767178316611696,16813,24562,7749,0.4502823957774224210856214116,112.792670716415,111.10731342228159,0,0,
92,11:50:00,20221229,88819288,113.26,113.3,0.03999999999999204,0.0003531696980398379,0.0018603355936652414,24562,20305,-4257,0.4473042679214349618725941052,112.894136573132,111.21694775116752,0,0,
93,12:00:00,20221229,88819288,113.3,113.61,0.3100000000000023,0.002736098852603727,0.0018696522240794805,20305,16548,-3757,0.4445140982429967106815432565,113.03730925850562,111.33660036360914,0,0,
94,12:10:00,20221229,88819288,113.61,113.76,0.15000000000000568,0.001320306311064217,0.0018638696355214252,16548,25233,8685,0.4453596007697926920255389196,113.18184740680451,111.45777034542868,0,0,
95,12:20:00,20221229,88819288,113.76,113.9,0.14000000000000057,0.001230661040787628,0.0018572737126596147,25233,21633,-3600,0.4422065873522507747784978327,113.32547792544361,111.57988182815726,0,0,
96,12:30:00,20221229,88819288,113.9,113.82,-0.0800000000000125,-0.0007023705004390913,0.001845367493976929,21633,31859,10226,0.4425209909842585554597006897,113.42438234035488,111.6918877367494,0,0,
97,12:40:00,20221229,88819288,113.82,113.75,-0.06999999999999318,-0.0006150061500614407,0.0018328127863859545,31859,27071,-4788,0.4395390135557270049868613087,113.4895058722839,111.79479334991193,0,0,
98,12:50:00,20221229,88819288,113.75,113.66,-0.09000000000000341,-0.0007912087912088212,0.0018222915339094177,27071,17728,-9343,0.4385853818465301695227677028,113.52360469782712,111.88805368241634,0,0,
99,13:00:00,20221229,88819288,113.66,113.52,-0.14000000000000057,-0.0012317437972901688,0.0018163860565432253,17728,21459,3731,0.4363041083529746151199587983,113.52288375826171,111.96965099829552,0,0,
100,13:10:00,20221229,88819288,113.52,113.67,0.15000000000000568,0.0013213530655391621,0.0018114847398006109,21459,16168,-5291,0.4344254856323517361848773485,113.55230700660937,112.05466844838074,0,0,
101,13:20:00,20221229,88819288,113.67,113.57,-0.10000000000000853,-0.0008797395970793396,0.001802349983499422,16168,23356,7188,0.4345250582256952428025019125,113.55584560528749,112.1304350259617,0,0,
102,13:30:00,20221229,88819288,113.57,113.61,0.04000000000000625,0.00035220568812191824,0.0017882709126705143,23356,28006,4650,0.4322393033917284036165064906,113.56667648422999,112.20441327466361,0,0,
103,13:40:00,20221229,88819288,113.61,113.6,-0.010000000000005116,-8.802042073765616E-05,0.001771922350248083,28006,23038,-4968,0.4297888346972492172636906514,113.57334118738399,112.27419261093044,0,0,
104,13:50:00,20221229,88819288,113.6,113.41,-0.18999999999999773,-0.0016725352112675856,0.0017709758060673163,23038,25616,2578,0.4267613417461600323281097250,113.54067294990719,112.33098298038392,0,0,
105,14:00:00,20221229,88819288,113.41,113.36,-0.04999999999999716,-0.00044087822943300554,0.0017584277157217097,25616,36629,11013,0.4267912027520431348008725992,113.50453835992575,112.38243383136474,0,0,
106,14:10:00,20221229,88819288,113.36,113.26,-0.09999999999999432,-0.0008821453775581714,0.0017502381611594336,36629,19111,-17518,0.4272721722087030082567852545,113.4556306879406,112.4263121397965,0,0,
107,14:20:00,20221229,88819288,113.26,113.11,-0.15000000000000568,-0.0013243863676497057,0.0017462950889973064,19111,21278,2167,0.4243658575968542362722604302,113.38650455035248,112.46049653280667,0,0,
108,14:30:00,20221229,88819288,113.11,113.32,0.20999999999999375,0.0018565997701352113,0.0017473070585490302,21278,32848,11570,0.4254611626852188112868979559,113.37320364028199,112.50347170616634,0,0,
109,14:40:00,20221229,88819288,113.32,113.49,0.1700000000000017,0.001500176491351939,0.0017450604170290566,32848,24180,-8668,0.4239922623310021251974855594,113.39656291222559,112.55279812085801,0,0,
110,14:50:00,20221229,88819288,113.49,113.47,-0.01999999999999602,-0.00017622698035065664,0.0017309267824643863,24180,21178,-3002,0.4212910004351744247722680836,113.41125032978047,112.59865821481512,0,0,
111,15:00:00,20221229,88819288,113.47,113.99,0.519999999999996,0.004582709086102019,0.001756389124461151,21178,27723,6545,0.4202888229703456418844384400,113.52700026382438,112.66822530407435,0,0,
112,15:10:00,20221229,88819288,113.99,113.8,-0.18999999999999773,-0.00166681287832264,0.0017555964143183324,27723,27672,-51,0.4165857327471205914630726187,113.58160021105951,112.72481403887063,0,0,
113,15:20:00,20221229,88819288,113.8,113.72,-0.0799999999999983,-0.0007029876977152751,0.0017463630045235687,27672,28537,865,0.4132056739897160831986650773,113.6092801688476,112.77457333692709,0,0,
114,15:30:00,20221229,88819288,113.72,113.69,-0.030000000000001137,-0.0002638058389025777,0.0017334712030833861,28537,38154,9617,0.4125430254011881376737126341,113.62542413507808,112.82034467008073,0,0,
115,15:40:00,20221229,88819288,113.69,113.97,0.28000000000000114,0.0024628375406808086,0.0017397588439247433,38154,49992,11838,0.4116613519943331298820582064,113.69433930806245,112.8778274365767,0,0,
116,15:50:00,20221229,88819288,113.97,113.98,0.010000000000005116,8.774238834785572E-05,0.001725639045159129,49992,155249,105257,0.4261384077576312059795220307,113.75147144644995,112.93293606474786,0,1,
117,09:30:00,20221230,88819288,113.98,113.23,-0.75,-0.006580101772240744,0.001766778559795414,155249,68926,-86323,0.4272391784241327022037333706,113.64717715715996,112.94778926151048,0,0,
118,09:40:00,20221230,88819288,113.23,112.77,-0.46000000000000796,-0.004062527598692996,0.0017860705685256457,68926,31690,-37236,0.4281886941741793640320082777,113.47174172572797,112.93889979843495,0,0,
119,09:50:00,20221230,88819288,112.77,113.18,0.4100000000000108,0.003635718719517698,0.001801484303117246,31690,22624,-9066,0.4270044878739848378812313916,113.41339338058236,112.9509548085132,0,0,
120,10:00:00,20221230,88819288,113.18,112.68,-0.5,-0.00441774165046828,0.0018231062646656016,22624,13359,-9265,0.4268599951047830274100046906,113.2667147044659,112.93740706808754,0,0,
121,10:10:00,20221230,88819288,112.68,113.23,0.5499999999999972,0.004881079162229297,0.0018481716162849762,13359,17929,4570,0.4261651711605857732330022322,113.25937176357272,112.95203671468316,0,0,
122,10:20:00,20221230,88819288,113.23,113.06,-0.1700000000000017,-0.0015013688951691399,0.0018453520819669612,17929,24138,6209,0.4255159457589731148436577687,113.21949741085817,112.957434878949,0,0,
123,10:30:00,20221230,88819288,113.06,112.99,-0.07000000000000739,-0.0006191402794976772,0.0018354632771083379,24138,17185,-6953,0.4244073658265382132943351202,113.17359792868653,112.95906313500156,0,0,
124,10:40:00,20221230,88819288,112.99,113.24,0.25,0.0022125851845296047,0.001838480252367708,17185,16387,-798,0.4213835936616367018853327814,113.18687834294923,112.97310997825149,0,0,
125,10:50:00,20221230,88819288,113.24,112.95,-0.28999999999999204,-0.0025609325326738965,0.0018442140006241065,16387,9581,-6806,0.4213355431118235802597919451,113.13950267435939,112.9719544793389,0,0,
126,11:00:00,20221230,88819288,112.95,113.13,0.1799999999999926,0.0015936254980079027,0.0018422408628082309,9581,16832,7251,0.4239770770544492150484040303,113.13760213948751,112.97985675537196,0,1,
127,11:10:00,20221230,88819288,113.13,112.97,-0.1599999999999966,-0.0014143021302925537,0.0018388975914604522,16832,17130,298,0.4208030715510830035596406552,113.10408171159,112.97936391760335,0,0,
128,11:20:00,20221230,88819288,112.97,112.88,-0.09000000000000341,-0.0007966716827476623,0.0018308183208502755,17130,11655,-5475,0.4200186656555961194717144708,113.059265369272,112.97439572172318,0,0,
129,11:30:00,20221230,88819288,112.88,113,0.12000000000000455,0.001063075832742776,0.0018249126094032947,11655,13060,1405,0.4177150537701616920074747373,113.04741229541759,112.97567593563703,0,0,
130,11:40:00,20221230,88819288,113,112.94,-0.060000000000002274,-0.0005309734513274537,0.001815035211250044,13060,23246,10186,0.4204801201097579700795451463,113.02592983633406,112.97389213885518,0,1,
131,11:50:00,20221230,88819288,112.94,112.9,-0.03999999999999204,-0.00035417035594113725,0.0018039680532552795,23246,10348,-12898,0.4214980596992111461970169347,113.00074386906725,112.97019753191242,0,0,
132,12:00:00,20221230,88819288,112.9,112.69,-0.21000000000000796,-0.001860053144375624,0.0018043897456697182,10348,10688,340,0.4185759433905368922342834209,112.9385950952538,112.9561876553168,-1,0,
133,12:10:00,20221230,88819288,112.69,112.69,0,0,0.00179092415055278,10688,13047,2359,0.4170993678455275231663092797,112.88887607620303,112.94287827255096,0,0,
134,12:20:00,20221230,88819288,112.69,112.73,0.04000000000000625,0.000354956074185875,0.0017802873499870992,13047,7928,-5119,0.4169160446168127639369982491,112.85710086096242,112.93223435892341,0,0,
135,12:30:00,20221230,88819288,112.73,112.76,0.030000000000001137,0.0002661225938082244,0.001769153785603431,7928,13375,5447,0.4189023863971352141576490678,112.83768068876992,112.92362264097724,0,1,
136,12:40:00,20221230,88819288,112.76,112.84,0.0799999999999983,0.000709471443774373,0.0017614188779988393,13375,9123,-4252,0.4181651904530398824218643314,112.83814455101593,112.91944150892837,0,0,
137,12:50:00,20221230,88819288,112.84,112.98,0.14000000000000057,0.0012406947890818908,0.001757645515035673,9123,10685,1562,0.4163757007316452524713374196,112.86651564081275,112.92246943348195,0,0,
138,13:00:00,20221230,88819288,112.98,112.98,0,0,0.0017450005832728263,10685,6096,-4589,0.4164699804404297520066530202,112.8892125126502,112.92534596180785,0,0,
139,13:10:00,20221230,88819288,112.98,112.55,-0.4300000000000068,-0.003805983359886766,0.0017597218888200687,6096,13341,7245,0.4219843680942017104709474559,112.82137001012015,112.90657866371745,0,1,
140,13:20:00,20221230,88819288,112.55,112.22,-0.3299999999999983,-0.0029320302087960754,0.0017680361322241539,13341,10069,-3272,0.4207309965196949534416685944,112.70109600809612,112.87224973053158,0,0,
141,13:30:00,20221230,88819288,112.22,112.2,-0.01999999999999602,-0.0001782213509178045,0.0017568402534825598,10069,11918,1849,0.4190612918453585727178151822,112.60087680647689,112.838637244005,0,0,
142,13:40:00,20221230,88819288,112.2,112.12,-0.0799999999999983,-0.0007130124777183449,0.0017495407585471456,11918,11605,-313,0.4163144492154686703490347388,112.50470144518152,112.80270538180474,0,0,
143,13:50:00,20221230,88819288,112.12,111.95,-0.1700000000000017,-0.0015162326079201007,0.00174792056305668,11605,18153,6548,0.4173417068731201173310584426,112.39376115614522,112.7600701127145,0,0,
144,14:00:00,20221230,88819288,111.95,111.68,-0.269999999999996,-0.0024117909781151943,0.001752498979712256,18153,14507,-3646,0.4158486492024519274090314179,112.25100892491618,112.70606660707878,0,0,
145,14:10:00,20221230,88819288,111.68,111.62,-0.060000000000002274,-0.0005372492836676421,0.001744175351657156,14507,10343,-4164,0.4149663560279806659627750434,112.12480713993294,112.65176327672485,0,0,
146,14:20:00,20221230,88819288,111.62,111.62,0,0,0.0017323102132105086,10343,44959,34616,0.4349108338927316763552564796,112.02384571194635,112.6001751128886,0,1,
147,14:30:00,20221230,88819288,111.62,111.61,-0.010000000000005116,-8.958967926899405E-05,0.0017212107501433363,44959,9916,-35043,0.4372387572648095209383907863,111.94107656955708,112.55066635724418,0,0,
148,14:40:00,20221230,88819288,111.61,111.43,-0.1799999999999926,-0.0016127587133768714,0.0017204828841247694,9916,24977,15061,0.4444979495694044598956823150,111.83886125564567,112.49463303938198,0,1,
149,14:50:00,20221230,88819288,111.43,111.44,0.009999999999990905,8.974243919941582E-05,0.0017096112811586005,24977,15415,-9562,0.4440868446098029557932909263,111.75908900451653,112.44190138741288,0,0,
150,15:00:00,20221230,88819288,111.44,111.55,0.10999999999999943,0.000987078248384776,0.0017048262941865885,15415,29950,14535,0.4473903274092349562901177551,111.71727120361322,112.39730631804224,0,1,
151,15:10:00,20221230,88819288,111.55,112.14,0.5900000000000034,0.005289108023307965,0.0017284070950360712,29950,44192,14242,0.4475754297056266206999040158,111.80181696289057,112.38444100214012,0,0,
152,15:20:00,20221230,88819288,112.14,111.98,-0.1599999999999966,-0.0014267879436418458,0.0017264357280334945,44192,23804,-20388,0.4476654626531285712463652453,111.83745357031246,112.36421895203311,0,0,
153,15:30:00,20221230,88819288,111.98,112.24,0.2599999999999909,0.0023218431862831834,0.001730302010229921,23804,23623,-181,0.4448079191558567298582681672,111.91796285624997,112.35800800443145,0,0,
154,15:40:00,20221230,88819288,112.24,112.69,0.45000000000000284,0.0040092658588738676,0.0017450050028018174,23623,47584,23961,0.4484821138037139156437337075,112.07237028499998,112.37460760420988,0,1,
155,15:50:00,20221230,88819288,112.69,112.77,0.0799999999999983,0.0007099121483716238,0.0017383697921964957,47584,161606,114022,0.4609676491130352018655094734,112.21189622799999,112.39437722399938,0,1,
156,09:30:00,20230103,88819288,112.77,115.57,2.799999999999997,0.02482929857231531,0.0018854457716876983,161606,101445,-60161,0.4604026933476701346657169796,112.88351698239998,112.55315836279941,1,0,
157,09:40:00,20230103,88819288,115.57,114.58,-0.9899999999999949,-0.008566236912693561,0.0019277292599219125,101445,37110,-64335,0.4615025877703101761416328024,113.22281358591998,112.65450044465943,0,0,
158,09:50:00,20230103,88819288,114.58,113.9,-0.6799999999999926,-0.005934718100890143,0.001952930447600958,37110,25194,-11916,0.4606195490680742244432796159,113.35825086873598,112.71677542242645,0,0,
159,10:00:00,20230103,88819288,113.9,113.31,-0.5900000000000034,-0.005179982440737519,0.001973099522558062,25194,38232,13038,0.4609750779342673006691111664,113.34860069498879,112.74643665130512,0,0,
160,10:10:00,20230103,88819288,113.31,112.52,-0.7900000000000063,-0.006972023651928393,0.0020041487407529085,38232,15452,-22780,0.4618127230958140477212405234,113.18288055599103,112.73511481873987,0,0,
161,10:20:00,20230103,88819288,112.52,112.6,0.0799999999999983,0.0007109847138286376,0.0019961662467595487,15452,8964,-6488,0.4615538848147506995488881456,113.06630444479282,112.72835907780288,0,0,
162,10:30:00,20230103,88819288,112.6,112.43,-0.1699999999999875,-0.0015097690941384325,0.001993182215148376,8964,12700,3736,0.4612791875091825337221481705,112.93904355583426,112.71344112391273,0,0,
163,10:40:00,20230103,88819288,112.43,112.75,0.3199999999999932,0.002846215422929762,0.0019983836371470433,12700,19278,6578,0.4616247580481845415105717917,112.9012348446674,112.7152690677171,0,0,
164,10:50:00,20230103,88819288,112.75,113.06,0.3100000000000023,0.002749445676274965,0.0020029355282932732,19278,34847,15569,0.4637216051102609855050636122,112.93298787573391,112.73250561433126,0,1,
165,11:00:00,20230103,88819288,113.06,112.94,-0.12000000000000455,-0.0010613833362816607,0.0019972635271365766,34847,24353,-10494,0.4627422280030240028117175615,112.93439030058713,112.7428803336147,0,0,
166,11:10:00,20230103,88819288,112.94,112.31,-0.6299999999999955,-0.005578183106073982,0.0020187061593457825,24353,15874,-8479,0.4620561706891892298969532189,112.8095122404697,112.72123631693397,0,0,
167,11:20:00,20230103,88819288,112.31,112.12,-0.18999999999999773,-0.0016917460600124451,0.002016759968278322,15874,15869,-5,0.4593077112236060248673959632,112.67160979237576,112.69117450108726,-1,0,
168,11:30:00,20230103,88819288,112.12,112.06,-0.060000000000002274,-0.0005351409204424034,0.0020079929916639082,15869,17056,1187,0.4570325172186194114640090216,112.54928783390062,112.6596157760329,0,0,
169,11:40:00,20230103,88819288,112.06,112.29,0.23000000000000398,0.0020524718900589325,0.0020082546322427023,17056,32911,15855,0.4598122370985716888471861896,112.49743026712049,112.64113498723125,0,1,
170,11:50:00,20230103,88819288,112.29,112.48,0.18999999999999773,0.0016920473773265447,0.0020064054670092743,32911,19803,-13108,0.4594524362223202688200654213,112.49394421369641,112.63307823786968,0,0,
171,12:00:00,20230103,88819288,112.48,112.23,-0.25,-0.0022226173541963013,0.002007662512865013,19803,22491,2688,0.4575703697881440375104318811,112.44115537095712,112.61292432597621,0,0,
172,12:10:00,20230103,88819288,112.23,112.27,0.03999999999999204,0.0003564109418158428,0.0019981177060959428,22491,30170,7679,0.4568990119227357939181594876,112.40692429676571,112.5957781096774,0,0,
173,12:20:00,20230103,88819288,112.27,112.03,-0.23999999999999488,-0.002137703749888616,0.0019989199247384295,30170,11269,-18901,0.4578736340468468772995898360,112.33153943741257,112.56748920419354,0,0,
174,12:30:00,20230103,88819288,112.03,112.18,0.15000000000000568,0.001338927073105469,0.001995148537014813,11269,28832,17563,0.4641630611821871065199343574,112.30123154993007,112.54811474398386,0,1,
175,12:40:00,20230103,88819288,112.18,111.33,-0.8500000000000085,-0.007577108218933932,0.002026864217025717,28832,30568,1736,0.4618678783163994048313152671,112.10698523994404,112.48720900678467,0,0,
176,12:50:00,20230103,88819288,111.33,111.46,0.12999999999999545,0.0011676996317254598,0.002022010179820631,30568,43101,12533,0.4615748616348034045446738613,111.97758819195523,112.43584855644542,0,0,
177,13:00:00,20230103,88819288,111.46,111.45,-0.009999999999990905,-8.971828458631711E-05,0.0020111546073754943,43101,12625,-30476,0.4629541228746920406253195581,111.87207055356419,112.38655612862316,0,0,
178,13:10:00,20230103,88819288,111.45,111.67,0.21999999999999886,0.0019739793629430136,0.002010946924445704,12625,11129,-1496,0.4610297705094979537785272977,111.83165644285135,112.350728322192,0,0,
179,13:20:00,20230103,88819288,111.67,112.08,0.4099999999999966,0.003671532193068833,0.002020172398160277,11129,27548,16419,0.4666647979573068800434401728,111.88132515428109,112.3371919060824,0,1,
180,13:30:00,20230103,88819288,112.08,111.67,-0.4099999999999966,-0.003658101356174131,0.002029221729420022,27548,12146,-15402,0.4671754722732115571371565169,111.83906012342487,112.30383231077828,0,0,
181,13:40:00,20230103,88819288,111.67,111.75,0.0799999999999983,0.0007163965254768362,0.002022008404123631,12146,17024,4878,0.4668152427551364039311139618,111.82124809873989,112.27614069523936,0,0,
182,13:50:00,20230103,88819288,111.75,112.13,0.37999999999999545,0.0034004474272930243,0.002029540857802152,17024,17510,486,0.4644203394194844403449831365,111.88299847899191,112.2688336604774,0,0,
183,14:00:00,20230103,88819288,112.13,112.14,0.010000000000005116,8.918219923307871E-05,0.0020189954303099287,17510,14433,-3077,0.4628513601581818391759490893,111.93439878319353,112.26239197745353,0,0,
184,14:10:00,20230103,88819288,112.14,111.86,-0.28000000000000114,-0.0024968789013732934,0.0020215785842075686,14433,23042,8609,0.4635736786882909403218491669,111.91951902655482,112.24227237858086,0,0,
185,14:20:00,20230103,88819288,111.86,111.65,-0.20999999999999375,-0.001877346683354137,0.0020208031438803996,23042,15746,-7296,0.4627837082686048691999950005,111.86561522124386,112.21265875965182,0,0,
186,14:30:00,20230103,88819288,111.65,111.19,-0.46000000000000796,-0.004120017913121433,0.0020320288913094962,15746,52207,36461,0.4726916681645745604175852343,111.73049217699509,112.16152582166923,0,1,
187,14:40:00,20230103,88819288,111.19,112.06,0.8700000000000045,0.007824444644302587,0.002062839613399885,52207,46715,-5492,0.4707369072761606459148303587,111.79639374159606,112.15644953058576,0,0,
188,14:50:00,20230103,88819288,112.06,112.11,0.04999999999999716,0.00044618954131712615,0.002054285909314791,46715,18314,-28401,0.4714629722164514168030417973,111.85911499327685,112.15412705405647,0,0,
189,15:00:00,20230103,88819288,112.11,112.21,0.09999999999999432,0.0008919810900008413,0.002048168515528928,18314,18608,294,0.4690660791656441278014350577,111.92929199462148,112.15692070135366,0,0,
190,15:10:00,20230103,88819288,112.21,112.63,0.4200000000000017,0.003742981908920789,0.002057041884080718,18608,21001,2393,0.4672835373998117475579184754,112.06943359569718,112.18057466628598,0,0,
191,15:20:00,20230103,88819288,112.63,112.85,0.21999999999999886,0.001953298410725374,0.0020565015534903253,21001,52722,31721,0.4727167058677484314979531151,112.22554687655773,112.21404593297167,1,1,BUY
192,15:30:00,20230103,88819288,112.85,112.76,-0.0899999999999892,-0.0007975188303056199,0.0020499783269453268,52722,32964,-19758,0.4722091486636239297065216410,112.33243750124618,112.2413436363231,0,0,
193,15:40:00,20230103,88819288,112.76,112.66,-0.10000000000000853,-0.0008868393047180606,0.002043982764975083,32964,23092,-9872,0.4713187830450628972995900900,112.39795000099694,112.26227645450693,0,0,
194,15:50:00,20230103,88819288,112.66,112.69,0.030000000000001137,0.0002662879460323197,0.002034866381288197,23092,117332,94240,0.4898303125484370056766854689,112.45636000079755,112.28366263178158,0,1,
195,09:30:00,20230104,88819288,112.69,114.4,1.710000000000008,0.015174372171443854,0.0021019046761359297,117332,65462,-51870,0.4895866828275780541218937607,112.84508800063804,112.38947950019251,0,0,
196,09:40:00,20230104,88819288,114.4,115.11,0.7099999999999937,0.006206293706293651,0.0021227391382179486,65462,48091,-17371,0.4884484766011224287961979752,113.29807040051043,112.52550552518288,0,0,
197,09:50:00,20230104,88819288,115.11,115.6,0.4899999999999949,0.004256797845539005,0.002133517212497348,48091,27491,-20600,0.4881449720616199222137447645,113.75845632040833,112.67923024892373,0,0,
198,10:00:00,20230104,88819288,115.6,115.22,-0.37999999999999545,-0.003287197231833871,0.00213931459952919,27491,31672,4181,0.4864562341984021942589992174,114.05076505632665,112.80626873647753,0,0,
199,10:10:00,20230104,88819288,115.22,115.62,0.4000000000000057,0.003471619510501698,0.0021459761240840525,31672,25047,-6625,0.4850698295113707793978330417,114.36461204506134,112.94695529965367,0,0,
200,10:20:00,20230104,88819288,115.62,115.77,0.14999999999999147,0.0012973533990658318,0.0021417541204769965,25047,16232,-8815,0.4844074838714680643803589231,114.64568963604907,113.08810753467098,0,0,
201,10:30:00,20230104,88819288,115.77,115.92,0.15000000000000568,0.001295672454003677,0.0021375655973756434,16232,14843,-1389,0.4824330493483522323052798756,114.90055170883926,113.22970215793744,0,0,
202,10:40:00,20230104,88819288,115.92,116.32,0.3999999999999915,0.0034506556245685943,0.002144034021154919,14843,36700,21857,0.4873104529538807071285923627,115.1844413670714,113.38421705004058,0,1,
203,10:50:00,20230104,88819288,116.32,116.13,-0.18999999999999773,-0.001633425034387876,0.0021415310359256686,36700,30610,-6090,0.4857351078634004723217831332,115.37355309365712,113.52150619753854,0,0,
204,11:00:00,20230104,88819288,116.13,115.98,-0.14999999999999147,-0.0012916559028674026,0.002137385303569287,30610,24420,-6190,0.4843521146359841667213863584,115.49484247492569,113.64443088766163,0,0,
205,11:10:00,20230104,88819288,115.98,116.44,0.45999999999999375,0.0039662010691497995,0.0021462630500041434,24420,39828,15408,0.4850637948123057530879376782,115.68387397994054,113.78420934327855,0,0,
206,11:20:00,20230104,88819288,116.44,116.72,0.28000000000000114,0.002404671934043294,0.002147511402100951,39828,41328,1500,0.4829024332256249927831213664,115.89109918395243,113.93099887611461,0,0,
207,11:30:00,20230104,88819288,116.72,116.81,0.09000000000000341,0.0007710760795065406,0.002140893924588478,41328,26611,-14717,0.4822928176827600523509338338,116.07487934716195,114.07494893230889,0,0,
208,11:40:00,20230104,88819288,116.81,117.08,0.269999999999996,0.002311445937847753,0.0021417099629294314,26611,22805,-3806,0.4806695198071727672869433697,116.27590347772956,114.22520148569345,0,0,
209,11:50:00,20230104,88819288,117.08,117.21,0.12999999999999545,0.0011103518961393531,0.0021367987340399548,22805,24347,1542,0.4787026018591031971304449528,116.46272278218365,114.37444141140878,0,0,
210,12:00:00,20230104,88819288,117.21,117.4,0.19000000000001194,0.001621022097090794,0.002134354295002281,24347,24808,461,0.4765236064521613479657055728,116.65017822574693,114.52571934083835,0,0,
211,12:10:00,20230104,88819288,117.4,117.27,-0.13000000000000966,-0.0011073253833050226,0.002129509819003709,24808,20417,-4391,0.4751107562096830355223037898,116.77414258059756,114.66293337379643,0,0,
212,12:20:00,20230104,88819288,117.27,117.06,-0.20999999999999375,-0.0017907393195190054,0.002127919347175142,20417,11605,-8812,0.4749064856017336399191601156,116.83131406447805,114.7827867051066,0,0,
213,12:30:00,20230104,88819288,117.06,117.47,0.4099999999999966,0.003502477362036533,0.002134342515468887,11605,17117,5512,0.4749067715865016786346421415,116.95905125158244,114.91714736985128,0,0,
214,12:40:00,20230104,88819288,117.47,117.63,0.1599999999999966,0.0013620498850770118,0.0021307504567228785,17117,31044,13927,0.4764822543557746714207641474,117.09324100126595,115.05279000135872,0,1,
215,12:50:00,20230104,88819288,117.63,117.4,-0.22999999999998977,-0.001955283516109749,0.0021299381097755954,31044,18494,-12550,0.4761479148185496292912558804,117.15459280101277,115.17015050129078,0,0,
216,13:00:00,20230104,88819288,117.4,117.55,0.14999999999999147,0.0012776831345825508,0.0021260106674935997,18494,51281,32787,0.4821234785618151604601360388,117.23367424081022,115.28914297622623,0,1,
217,13:10:00,20230104,88819288,117.55,117.88,0.3299999999999983,0.0028073160357294626,0.002129135921476333,51281,38440,-12841,0.4810605480789397814999620956,117.36293939264817,115.41868582741492,0,0,
218,13:20:00,20230104,88819288,117.88,117.63,-0.25,-0.0021208008143875127,0.0021290978616266124,38440,42620,4180,0.4793604583384019041460762386,117.41635151411853,115.52925153604417,0,0,
219,13:30:00,20230104,88819288,117.63,117.89,0.2600000000000051,0.002210320496472032,0.0021294670554213645,42620,22349,-20271,0.4793434643178414876584364441,117.51108121129482,115.64728895924196,0,0,
220,13:40:00,20230104,88819288,117.89,117.64,-0.25,-0.0021206209178047334,0.0021294270276493435,22349,23687,1338,0.4774453873321949415958253246,117.53686496903586,115.74692451127987,0,0,
221,13:50:00,20230104,88819288,117.64,117.39,-0.25,-0.002125127507650459,0.0021294076604421413,23687,35194,11507,0.4774829932243276426627844856,117.5074919752287,115.82907828571588,0,0,
222,14:00:00,20230104,88819288,117.39,117.02,-0.37000000000000455,-0.003151886872817144,0.002133992769017814,35194,52717,17523,0.4775745375097328716095405907,117.40999358018296,115.88862437143008,0,0,
223,14:10:00,20230104,88819288,117.02,117.37,0.3500000000000085,0.0029909417193642843,0.0021378184339747182,52717,47093,-5624,0.4759187710642804874002722204,117.40199486414637,115.96269315285858,0,0,
224,14:20:00,20230104,88819288,117.37,116.54,-0.8299999999999983,-0.007071653744568444,0.0021597465909106903,47093,52702,5609,0.4743329309714400642193662571,117.2295958913171,115.99155849521564,0,0,
225,14:30:00,20230104,88819288,116.54,116.55,0.009999999999990905,8.580744808641586E-05,0.0021505698690397865,52702,43529,-9173,0.4730042636467581883435125221,117.09367671305368,116.01948057045486,0,0,
226,14:40:00,20230104,88819288,116.55,116.42,-0.12999999999999545,-0.0011154011154010763,0.0021460096542660475,43529,25376,-18153,0.4727576912222294461823137186,116.95894137044294,116.03950654193211,0,0,
227,14:50:00,20230104,88819288,116.42,116.93,0.5100000000000051,0.004380690602989221,0.0021558108864972894,25376,31479,6103,0.4717390295823363688675276808,116.95315309635436,116.08403121483552,0,0,
228,15:00:00,20230104,88819288,116.93,117.01,0.0799999999999983,0.0006841700162490233,0.002149384507151227,31479,48368,16889,0.4720219002294174593795802984,116.96452247708349,116.13032965409374,0,0,
229,15:10:00,20230104,88819288,117.01,117.12,0.10999999999999943,0.0009400905905478115,0.002144126707513821,48368,29857,-18511,0.4716335950554705753747701167,116.99561798166678,116.17981317138904,0,0,
230,15:20:00,20230104,88819288,117.12,116.89,-0.23000000000000398,-0.001963797814207684,0.0021433460629540543,29857,38697,8840,0.4708736140018318984072038646,116.97449438533343,116.21532251281958,0,0,
231,15:30:00,20230104,88819288,116.89,116.57,-0.3200000000000074,-0.0027376165625802667,0.002145907573728305,38697,45904,7207,0.4696467528532543902856770725,116.89359550826674,116.2330563871786,0,0,
232,15:40:00,20230104,88819288,116.57,116.6,0.030000000000001137,0.0002573560950501942,0.0021378022025751804,45904,78679,32775,0.4706954366016316914557553138,116.8348764066134,116.25140356781968,0,1,
233,15:50:00,20230104,88819288,116.6,116.94,0.3400000000000034,0.0029159519725557755,0.002141127628942619,78679,223587,144908,0.4765546958324813214055552652,116.85590112529073,116.28583338942869,0,1,
234,09:30:00,20230105,88819288,116.94,114.74,-2.200000000000003,-0.01881306652984439,0.00221207204979752,223587,72199,-151388,0.4774080276208480183767832029,116.4327209002326,116.20854171995725,0,0,
235,09:40:00,20230105,88819288,114.74,113.92,-0.8199999999999932,-0.007146592295624832,0.0022329810338900086,72199,43232,-28967,0.4770851569236508410085590919,115.93017672018607,116.09411463395939,-1,0,
236,09:50:00,20230105,88819288,113.92,113.93,0.010000000000005116,8.77808988764494E-05,0.002223929556527082,43232,22767,-20465,0.4770695073282461172496227099,115.53014137614886,115.98590890226143,0,0,
237,10:00:00,20230105,88819288,113.93,114.41,0.47999999999998977,0.00421311331519345,0.0022322874714794617,22767,17805,-4962,0.4759807574175980985096466794,115.30611310091908,115.90711345714836,0,0,
238,10:10:00,20230105,88819288,114.41,113.96,-0.45000000000000284,-0.00393322262040034,0.00223940435494775,17805,22691,4886,0.4751373956648535626571666490,115.03689048073527,115.80975778429094,0,0,
239,10:20:00,20230105,88819288,113.96,113.4,-0.5599999999999881,-0.00491400491400481,0.002250548523943821,22691,10869,-11822,0.4753284878296929277155866965,114.70951238458821,115.6892698950764,0,0,
240,10:30:00,20230105,88819288,113.4,113.45,0.04999999999999716,0.0004409171075837492,0.0022430396798925343,10869,56098,45229,0.4906229106469477827120990235,114.45760990767056,115.57730640032257,0,1,
241,10:40:00,20230105,88819288,113.45,113.35,-0.10000000000000853,-0.0008814455707360822,0.002237413257953871,56098,24942,-31156,0.4908905234902429373312304689,114.23608792613645,115.46594108030645,0,0,
242,10:50:00,20230105,88819288,113.35,112.85,-0.5,-0.004411116012351125,0.0022463585367785512,24942,26018,1076,0.4890479290931521988602963296,113.95887034090916,115.33514402629113,0,0,
243,11:00:00,20230105,88819288,112.85,113,0.15000000000000568,0.0013291980505095763,0.0022425996823266293,26018,8132,-17886,0.4898610406623266238312264187,113.76709627272731,115.21838682497658,0,0,
244,11:10:00,20230105,88819288,113,112.95,-0.04999999999999716,-0.00044247787610616953,0.0022352522463828725,8132,15683,7551,0.4916516236036589064210476675,113.60367701818186,115.10496748372775,0,1,
245,11:20:00,20230105,88819288,112.95,112.62,-0.3299999999999983,-0.0029216467463479266,0.002238042467927446,15683,12267,-3416,0.4905384685035592742707048514,113.40694161454549,114.98071910954135,0,0,
246,11:30:00,20230105,88819288,112.62,112.52,-0.10000000000000853,-0.0008879417510212087,0.0022325764731221573,12267,15847,3580,0.4897340208402048212361888459,113.22955329163639,114.85768315406429,0,0,
247,11:40:00,20230105,88819288,112.52,112.77,0.25,0.00222182723071454,0.0022325331294027716,15847,9826,-6021,0.4892913261233217219108535620,113.13764263330911,114.75329899636107,0,0,
248,11:50:00,20230105,88819288,112.77,112.5,-0.269999999999996,-0.0023942537909018005,0.002233182609971041,9826,11410,1584,0.4879737102208812009262450498,113.0101141066473,114.64063404654301,0,0,
249,12:00:00,20230105,88819288,112.5,113.09,0.5900000000000034,0.005244444444444475,0.0022452276573089345,11410,143816,132406,0.5324393438637838286203490091,113.02609128531785,114.56310234421586,0,1,
250,12:10:00,20230105,88819288,113.09,112.57,-0.5200000000000102,-0.004598107701830491,0.0022546016813906936,143816,20423,-123393,0.5337363670222731417938422722,112.93487302825427,114.46344722700508,0,0,
251,12:20:00,20230105,88819288,112.57,112.63,0.060000000000002274,0.0005330016878386984,0.0022477699353845347,20423,25357,4934,0.5325770574856986983413436419,112.87389842260342,114.37177486565483,0,0,
252,12:30:00,20230105,88819288,112.63,112.58,-0.04999999999999716,-0.0004439314569830166,0.0022406401390272163,25357,55357,30000,0.5351483151910161934606305099,112.81511873808273,114.2821861223721,0,1,
253,12:40:00,20230105,88819288,112.58,112.65,0.07000000000000739,0.0006217800675076159,0.002234266674178714,55357,98649,43292,0.5361203732038638610182404542,112.78209499046619,114.20057681625349,0,0,
254,12:50:00,20230105,88819288,112.65,112.9,0.25,0.0022192632046160675,0.002234207837043174,98649,55315,-43334,0.5357405858573541633944970772,112.80567599237295,114.13554797544082,0,0,
255,13:00:00,20230105,88819288,112.9,113.01,0.10999999999999943,0.000974313551815761,0.0022292863749915045,55315,21688,-33627,0.5360225299992362008201948842,112.84654079389837,114.07927057666876,0,0,
256,13:10:00,20230105,88819288,113.01,113.04,0.030000000000001137,0.00026546323334219216,0.0022216450398099895,21688,31569,9881,0.5357095923940796196335557152,112.8852326351187,114.02730704783532,0,0,
257,13:20:00,20230105,88819288,113.04,113.35,0.30999999999998806,0.002742392073602159,0.002223663439165773,31569,71227,39658,0.5385023163765301814136687590,112.97818610809496,113.99344169544356,0,1,
258,13:30:00,20230105,88819288,113.35,113.54,0.19000000000001194,0.0016762240846935328,0.0022215497737044904,71227,105047,33820,0.5382564384827056401673770544,113.09054888647597,113.9707696106714,0,0,
259,13:40:00,20230105,88819288,113.54,113.33,-0.21000000000000796,-0.0018495684340321292,0.002220119076244212,105047,30135,-74912,0.5389290229854193419688907191,113.13843910918078,113.93873113013782,0,0,
260,13:50:00,20230105,88819288,113.33,113.19,-0.14000000000000057,-0.0012353304508956196,0.0022163459397486233,30135,15994,-14141,0.5386620727788882450760156147,113.14875128734462,113.90129457363092,0,0,
261,14:00:00,20230105,88819288,113.19,113.44,0.25,0.0022086756780634333,0.0022163166639406645,15994,31649,15655,0.5403420059045676414069522651,113.2070010298757,113.87822984494937,0,1,
262,14:10:00,20230105,88819288,113.44,113.25,-0.18999999999999773,-0.0016748942172073143,0.0022142580234587885,31649,55685,24036,0.5411751362054939423018695497,113.21560082390056,113.8468183527019,0,0,
263,14:20:00,20230105,88819288,113.25,113.13,-0.12000000000000455,-0.0010596026490066626,0.002209884328858591,55685,37500,-18185,0.5403622345305146261419032072,113.19848065912043,113.8109774350668,0,0,
264,14:30:00,20230105,88819288,113.13,113.66,0.5300000000000011,0.004684875806594194,0.002219223919340612,37500,113804,76304,0.5460015216958082816407387926,113.29078452729635,113.80342856331347,0,1,
265,14:40:00,20230105,88819288,113.66,113.89,0.23000000000000398,0.002023579095548161,0.0022184884124842497,113804,26827,-86977,0.5468220804438566421353603779,113.41062762183708,113.80775713514781,0,0,
266,14:50:00,20230105,88819288,113.89,113.73,-0.1599999999999966,-0.0014048643427868697,0.0022154411313243345,26827,15183,-11644,0.5463996768935082603568478819,113.47450209746967,113.80386927839041,0,0,
267,15:00:00,20230105,88819288,113.73,113.39,-0.3400000000000034,-0.0029895366218236474,0.0022183295473336604,15183,24883,9700,0.5467447244539981110645330233,113.45760167797573,113.7831758144709,0,0,
268,15:10:00,20230105,88819288,113.39,113.09,-0.29999999999999716,-0.0026457359555516107,0.002219918418739675,24883,61530,36647,0.5501872071722139582557643763,113.3840813423806,113.74851702374735,0,1,
269,15:20:00,20230105,88819288,113.09,112.87,-0.21999999999999886,-0.0019453532584666978,0.0022189015107386637,61530,28116,-33414,0.5501607811074032772358778300,113.28126507390448,113.70459117255999,0,0,
270,15:30:00,20230105,88819288,112.87,112.78,-0.09000000000000341,-0.0007973775139541367,0.002213656034735769,28116,25268,-2848,0.5485044484704973762554425404,113.18101205912357,113.65836161393199,0,0,
271,15:40:00,20230105,88819288,112.78,112.86,0.0799999999999983,0.0007093456286575482,0.0022081254817722462,25268,58372,33104,0.5513044893260621152383658202,113.11680964729887,113.61844353323539,0,1,
272,15:50:00,20230105,88819288,112.86,112.85,-0.010000000000005116,-8.860535176329183E-05,0.0022003616717722134,58372,259926,201554,0.5619331272191522027263270881,113.0634477178391,113.58002135657362,0,1,
273,09:30:00,20230106,88819288,112.85,113.16,0.3100000000000023,0.0027470093043863737,0.00220235673612482,259926,101030,-158896,0.5621133437273548271082210239,113.08275817427128,113.55902028874495,0,0,
274,09:40:00,20230106,88819288,113.16,113.12,-0.03999999999999204,-0.0003534817956874518,0.0021956335545232296,101030,110253,9223,0.5604012578080770371382663365,113.09020653941701,113.53706927430771,0,0,
275,09:50:00,20230106,88819288,113.12,113.3,0.1799999999999926,0.0015912305516265258,0.0021934436885707054,110253,29718,-80535,0.5610173993164314741868225992,113.1321652315336,113.52521581059233,0,0,
276,10:00:00,20230106,88819288,113.3,114.06,0.7600000000000051,0.006707855251544617,0.0022097412032384815,29718,73740,44022,0.5643398074410233708008082649,113.31773218522689,113.55195502006272,0,1,
277,10:10:00,20230106,88819288,114.06,114.12,0.060000000000002274,0.0005260389268806091,0.00220368472023,73740,60089,-13651,0.5629757196680830055976322410,113.4781857481815,113.58035726905959,0,0,
278,10:20:00,20230106,88819288,114.12,113.68,-0.4399999999999977,-0.0038555906063792297,0.0022096055298577747,60089,25972,-34117,0.5629929194824363122475259307,113.51854859854521,113.5853394056066,0,0,
279,10:30:00,20230106,88819288,113.68,114.5,0.8199999999999932,0.007213230119634,0.002227475617678404,25972,18721,-7251,0.5619793207573260512106823047,113.71483887883616,113.63107243532627,1,0,
280,10:40:00,20230106,88819288,114.5,114.86,0.35999999999999943,0.003144104803493445,0.0022307376432506997,18721,37439,18718,0.5635375429331006630839805869,113.94387110306894,113.69251881355996,0,1,
281,10:50:00,20230106,88819288,114.86,115.07,0.20999999999999375,0.0018283127285390367,0.002229310604546048,37439,23375,-14064,0.5628712788058771307029669372,114.16909688245515,113.76139287288196,0,0,
282,11:00:00,20230106,88819288,115.07,115.01,-0.05999999999998806,-0.0005214217432865913,0.0022232756615734,23375,32059,8684,0.5621950835499919618013691817,114.33727750596412,113.82382322923786,0,0,
283,11:10:00,20230106,88819288,115.01,114.81,-0.20000000000000284,-0.0017389792191983553,0.002221570392410108,32059,24618,-7441,0.5610327885710239156172221167,114.4318220047713,113.87313206777597,0,0,
284,11:20:00,20230106,88819288,114.81,114.76,-0.04999999999999716,-0.00043550213396043166,0.002215303486240109,24618,10785,-13833,0.5610358521988299188191775004,114.49745760381704,113.91747546438717,0,0,
285,11:30:00,20230106,88819288,114.76,115.01,0.25,0.0021784593935169046,0.0022151746607410767,10785,13869,3084,0.5600740230376456851242097975,114.59996608305363,113.97210169116781,0,0,
286,11:40:00,20230106,88819288,115.01,115.13,0.11999999999999034,0.0010433875315189142,0.002211091778757724,13869,32418,18549,0.5627826265068147345880485933,114.7059728664429,114.02999660660942,0,1,
287,11:50:00,20230106,88819288,115.13,115.31,0.18000000000000682,0.0015634500130288095,0.002208843022626721,32418,12645,-19773,0.5629463636467933472858687173,114.82677829315432,114.09399677627894,0,0,
288,12:00:00,20230106,88819288,115.31,115.28,-0.030000000000001137,-0.0002601682421299205,0.0022021002033170436,12645,9033,-3612,0.5619868485497218125554735340,114.91742263452345,114.15329693746499,0,0,
289,12:10:00,20230106,88819288,115.28,115.36,0.0799999999999983,0.00069396252602358,0.0021968997285677556,9033,24834,15801,0.5660808688649072677512447512,115.00593810761876,114.21363209059174,0,1,
290,12:20:00,20230106,88819288,115.36,115.21,-0.15000000000000568,-0.0013002773925104515,0.0021938185521551876,24834,20140,-4694,0.5647851100715515359204332609,115.04675048609501,114.26345048606215,0,0,
291,12:30:00,20230106,88819288,115.21,115.19,-0.01999999999999602,-0.00017359604201020763,0.002186899981914965,20140,20887,747,0.5629779362953750031679476591,115.075400388876,114.30977796175905,0,0,
292,12:40:00,20230106,88819288,115.19,115.2,0.010000000000005116,8.681309141422967E-05,0.0021797324498654745,20887,19660,-1227,0.5612570036586006721069583502,115.1003203111008,114.3542890636711,0,0,
293,12:50:00,20230106,88819288,115.2,115.09,-0.10999999999999943,-0.0009548611111111062,0.0021755662208220923,19660,21951,2291,0.5597443302701936560285881657,115.09825624888065,114.39107461048755,0,0,
294,13:00:00,20230106,88819288,115.09,115.07,-0.020000000000010232,-0.00017377704405256958,0.0021687804947991447,21951,9165,-12786,0.5598213974832605066267256910,115.09260499910451,114.42502087996317,0,0,
295,13:10:00,20230106,88819288,115.07,115.17,0.10000000000000853,0.0008690362388112326,0.0021643894669072937,9165,12873,3708,0.5592969422599763901498107454,115.1080839992836,114.462269835965,0,0,
296,13:20:00,20230106,88819288,115.17,115.24,0.06999999999999318,0.0006077971694016947,0.002159148415400541,12873,16200,3327,0.5582839825696704262223885879,115.13446719942688,114.50115634416676,0,0,
297,13:30:00,20230106,88819288,115.24,115.5,0.2600000000000051,0.0022561610551892148,0.002159473961171644,16200,16777,577,0.5565300674736333351409396909,115.2075737595415,114.55109852695843,0,0,
298,13:40:00,20230106,88819288,115.5,115.63,0.12999999999999545,0.001125541125541086,0.002156015991821709,16777,11818,-4959,0.5556573356056883988871020602,115.29205900763321,114.6050436006105,0,0,
299,13:50:00,20230106,88819288,115.63,115.59,-0.03999999999999204,-0.00034593098676807094,0.0021499823751381965,11818,56912,45094,0.5665241606769954374446561381,115.35164720610658,114.65429142057998,0,1,
300,14:00:00,20230106,88819288,115.59,115.68,0.09000000000000341,0.0007786140669608393,0.0021454263342472416,56912,41628,-15284,0.5655342297845358796488441816,115.41731776488527,114.705576849551,0,0,
301,14:10:00,20230106,88819288,115.68,115.99,0.30999999999998806,0.0026798063623788733,0.0021471958045390684,41628,19734,-21894,0.5654031365604235861214026031,115.53185421190821,114.76979800707343,0,0,
302,14:20:00,20230106,88819288,115.99,115.98,-0.009999999999990905,-8.621432882137171E-05,0.002140393885477294,19734,36102,16368,0.5662745170936469086127621473,115.62148336952657,114.83030810671977,0,0,
303,14:30:00,20230106,88819288,115.98,116.25,0.269999999999996,0.002327987584066184,0.002141010970012126,36102,17080,-19022,0.5661449825533427156049084912,115.74718669562125,114.90129270138378,0,0,
304,14:40:00,20230106,88819288,116.25,116.2,-0.04999999999999716,-0.000430107526881696,0.0021354014505264524,17080,14279,-2801,0.5648264513785411849905322028,115.837749356497,114.9662280663146,0,0,
305,14:50:00,20230106,88819288,116.2,116.33,0.12999999999999545,0.001118760757314935,0.002132079095319879,14279,15449,1170,0.5632483862142329363534322866,115.93619948519759,115.03441666299888,0,0,
306,15:00:00,20230106,88819288,116.33,116.74,0.4099999999999966,0.003524456288145763,0.002136614525915403,15449,37029,21580,0.5659637144849297136590010825,116.09695958815807,115.11969582984894,0,1,
307,15:10:00,20230106,88819288,116.74,116.66,-0.0799999999999983,-0.0006852835360630315,0.0021319024123119864,37029,66799,29770,0.5667364441790951446876929545,116.20956767052647,115.19671103835648,0,0,
308,15:20:00,20230106,88819288,116.66,116.71,0.04999999999999716,0.0004285959197668195,0.0021263900935658856,66799,84857,18058,0.5657772109883031688679479056,116.30965413642117,115.27237548643865,0,0,
309,15:30:00,20230106,88819288,116.71,117.12,0.4100000000000108,0.003512980892811334,0.002130862967111839,84857,67927,-16930,0.5645957106960530782220670953,116.47172330913693,115.36475671211672,0,0,
310,15:40:00,20230106,88819288,117.12,117.06,-0.060000000000002274,-0.0005122950819672325,0.002125658568767322,67927,95525,27598,0.5640866862387661204366030447,116.58937864730956,115.44951887651088,0,0,
311,15:50:00,20230106,88819288,117.06,116.7,-0.35999999999999943,-0.0030753459764223424,0.0021287024386636524,95525,402973,307448,0.5725944476415752208313612129,116.61150291784764,115.51204293268533,0,1,
312,09:30:00,20230109,88819288,116.7,117.07,0.36999999999999034,0.0031705227077976892,0.0021320309379260615,402973,149714,-253259,0.5727729840693404841739945973,116.70320233427812,115.58994078605106,0,0,
313,09:40:00,20230109,88819288,117.07,117.73,0.6600000000000108,0.005637652686427017,0.0021431953383989947,149714,31909,-117805,0.5734548120171125538491002823,116.90856186742249,115.6969437467485,0,0,
314,09:50:00,20230109,88819288,117.73,118.39,0.6599999999999966,0.005606047736345847,0.002154188520614699,31909,49340,17431,0.5733685180475399503610292011,117.20484949393799,115.83159655941108,0,0,
315,10:00:00,20230109,88819288,118.39,118.1,-0.29000000000000625,-0.002449531210406337,0.0021551231493798623,49340,20358,-28982,0.5734129012039087257178395290,117.38387959515038,115.94501673144053,0,0,
316,10:10:00,20230109,88819288,118.1,117.64,-0.45999999999999375,-0.003895004233700201,0.0021606117332420714,20358,22231,1873,0.5718942584358436561045849597,117.43510367612029,116.0297658948685,0,0,
317,10:20:00,20230109,88819288,117.64,117.62,-0.01999999999999602,-0.0001700102006120029,0.002154351979994807,22231,34921,12690,0.5718908944920608031165820565,117.47208294089623,116.10927760012508,0,0,
318,10:30:00,20230109,88819288,117.62,117.78,0.1599999999999966,0.0013603128719605218,0.0021518628291859222,34921,15472,-19449,0.5718440353048746379707267173,117.53366635271698,116.19281372011882,0,0,
319,10:40:00,20230109,88819288,117.78,117.77,-0.010000000000005116,-8.490405841403562E-05,0.00214540358302726,15472,21053,5581,0.5711842606081973700838417227,117.58093308217359,116.27167303411288,0,0,
320,10:50:00,20230109,88819288,117.77,117.49,-0.28000000000000114,-0.0023775154963063694,0.0021461266730997803,21053,85219,64166,0.5788996730765391179863131859,117.56274646573885,116.33258938240724,0,1,
321,11:00:00,20230109,88819288,117.49,117.42,-0.06999999999999318,-0.0005957953868413753,0.002141311979664195,85219,33794,-51425,0.5789759015486142593121556637,117.53419717259109,116.38695991328687,0,0,
322,11:10:00,20230109,88819288,117.42,117.71,0.28999999999999204,0.0024697666496337253,0.002142328867187321,33794,61730,27936,0.5797427118204164175461181851,117.56935773807288,116.45311191762252,0,0,
323,11:20:00,20230109,88819288,117.71,118.25,0.5400000000000063,0.004587545663070311,0.0021498758326067126,61730,50976,-10754,0.5784910684831094722539396880,117.70548619045832,116.54295632174139,0,0,
324,11:30:00,20230109,88819288,118.25,117.69,-0.5600000000000023,-0.004735729386892196,0.0021578323050814373,50976,44277,-6699,0.5771154491444768132374724015,117.70238895236665,116.60030850565433,0,0,
325,11:40:00,20230109,88819288,117.69,118.04,0.3500000000000085,0.0029739145211998344,0.002160335624762782,44277,31740,-12537,0.5762137123828537018560065318,117.76991116189332,116.67229308037162,0,0,
326,11:50:00,20230109,88819288,118.04,117.88,-0.1600000000000108,-0.001355472721111579,0.0021578742703173654,31740,28365,-3375,0.5747767674006847626638210138,117.79192892951465,116.73267842635305,0,0,
327,12:00:00,20230109,88819288,117.88,117.37,-0.5099999999999909,-0.0043264336613504486,0.002164485731875393,28365,18557,-9808,0.5740786011825139209689979448,117.70754314361173,116.76454450503539,0,0,
328,12:10:00,20230109,88819288,117.37,117.14,-0.23000000000000398,-0.001959614893073221,0.0021638630241586692,18557,17270,-1287,0.5725444834969497173509952683,117.59403451488939,116.78331727978362,0,0,
329,12:20:00,20230109,88819288,117.14,117.16,0.01999999999999602,0.00017073587160659057,0.0021578232449085116,17270,26618,9348,0.5724497592018869317149033085,117.50722761191152,116.80215141579444,0,0,
330,12:30:00,20230109,88819288,117.16,117.15,-0.009999999999990905,-8.535336292242152E-05,0.002151562006594354,26618,32265,5647,0.5713612393044597964133268026,117.43578208952923,116.81954384500472,0,0,
331,12:40:00,20230109,88819288,117.15,117.31,0.1599999999999966,0.0013657703798548577,0.0021491951643451386,32265,19516,-12749,0.5708304345058923611370029120,117.41062567162338,116.84406665275448,0,0,
332,12:50:00,20230109,88819288,117.31,117.57,0.2599999999999909,0.0022163498422981065,0.002149396830044697,19516,14840,-4676,0.5698357433462221874810837603,117.4425005372987,116.88036332011676,0,0,
333,13:00:00,20230109,88819288,117.57,117.23,-0.3399999999999892,-0.0028918941906948136,0.0021516198760346676,14840,22147,7307,0.5696038562246584543148920299,117.40000042983895,116.89784515411093,0,0,
334,13:10:00,20230109,88819288,117.23,117.3,0.06999999999999318,0.0005971167789814312,0.00214697956828227,22147,14204,-7943,0.5689741403163945392146747013,117.38000034387116,116.91795289640537,0,0,
335,13:20:00,20230109,88819288,117.3,117.2,-0.09999999999999432,-0.0008525149190110342,0.0021431269949213436,14204,25589,11385,0.5696662850741895290492356316,117.34400027509693,116.9320552515851,0,0,
336,13:30:00,20230109,88819288,117.2,117.07,-0.13000000000000966,-0.0011092150170649289,0.0021400590068564877,25589,21095,-4494,0.5684970152007445763069024621,117.28920022007755,116.93895248900584,0,0,
337,13:40:00,20230109,88819288,117.07,116.73,-0.3399999999999892,-0.0029042453233107477,0.0021423199131181867,21095,14344,-6751,0.5677619010810942894477664730,117.17736017606204,116.92850486455555,0,0,
338,13:50:00,20230109,88819288,116.73,116.77,0.03999999999999204,0.0003426711213911766,0.002137011214617517,14344,28051,13707,0.5689059402754071415241305613,117.09588814084962,116.92057962132778,0,1,
339,14:00:00,20230109,88819288,116.77,116.88,0.10999999999999943,0.00094202277982358,0.002133496542750476,28051,32703,4652,0.5677204545392725960715312636,117.05271051267971,116.91855064026139,0,0,
340,14:10:00,20230109,88819288,116.88,116.66,-0.21999999999999886,-0.0018822724161533099,0.002132759815106496,32703,24643,-8060,0.5667783434390598458346999428,116.97416841014376,116.90562310824832,0,0,
341,14:20:00,20230109,88819288,116.66,116.44,-0.21999999999999886,-0.001885822046974103,0.0021320377748487987,24643,26327,1684,0.5653209092060049503742018653,116.86733472811501,116.8823419528359,-1,0,
342,14:30:00,20230109,88819288,116.44,116.41,-0.030000000000001137,-0.0002576434215046474,0.002126573068279282,26327,34100,7773,0.5645335252848692704756373090,116.775867782492,116.8587248551941,0,0,
343,14:40:00,20230109,88819288,116.41,116.72,0.3100000000000023,0.0026630014603556593,0.002128132453139969,34100,25484,-8616,0.5636269412628227893562194518,116.7646942259936,116.85178861243439,0,0,
344,14:50:00,20230109,88819288,116.72,116.33,-0.39000000000000057,-0.003341329677861554,0.0021316489668348143,25484,22027,-3457,0.5623864392403953297892102120,116.67775538079488,116.82569918181268,0,0,
345,15:00:00,20230109,88819288,116.33,116.58,0.25,0.0021490587122840197,0.0021316992840181934,22027,25760,3733,0.5612508536575480847857361607,116.6582043046359,116.81341422272205,0,0,
346,15:10:00,20230109,88819288,116.58,116.37,-0.20999999999999375,-0.0018013381369016447,0.002130747234602872,25760,25426,-334,0.5596707815677837294122508559,116.60056344370872,116.79124351158595,0,0,
347,15:20:00,20230109,88819288,116.37,116.39,0.01999999999999602,0.00017186560109990566,0.0021251182643916566,25426,23980,-1446,0.5582259543780233984287571868,116.55845075496697,116.77118133600665,0,0,
348,15:30:00,20230109,88819288,116.39,116.2,-0.18999999999999773,-0.001632442649712155,0.0021237065864126324,23980,34808,10828,0.5579202724241046599033000129,116.48676060397358,116.74262226920632,0,0,
349,15:40:00,20230109,88819288,116.2,116.21,0.009999999999990905,8.605851979338128E-05,0.0021178847347937202,34808,46979,12171,0.5573252459242410624542805702,116.43140848317887,116.71599115574601,0,0,
350,15:50:00,20230109,88819288,116.21,116.08,-0.12999999999999545,-0.0011186644867050637,0.0021150379534601344,46979,198963,151984,0.5649543694946819182871777417,116.36112678654311,116.68419159795872,0,1,
351,09:30:00,20230110,88819288,116.08,116.01,-0.06999999999999318,-0.0006030323914541108,0.0021107424831135263,198963,90965,-107998,0.5648914435615343093195074773,116.29090142923448,116.65048201806079,0,0,
352,09:40:00,20230110,88819288,116.01,115.65,-0.35999999999999943,-0.003103180760279281,0.002113553922992183,90965,35698,-55267,0.5650123271450445449922182249,116.16272114338759,116.60045791715774,0,0,
353,09:50:00,20230110,88819288,115.65,115.76,0.10999999999999943,0.0009511456982274053,0.002110270283939175,35698,75840,40142,0.5665927690651932785642194253,116.08217691471008,116.55843502129984,0,1,
354,10:00:00,20230110,88819288,115.76,115.24,-0.5200000000000102,-0.004492052522460351,0.0021169795296814885,75840,40717,-35123,0.5663012957037093443273415504,115.91374153176807,116.49251327023485,0,0,
355,10:10:00,20230110,88819288,115.24,115.55,0.3100000000000023,0.0026900381811871075,0.0021185892449947065,40717,26840,-13877,0.5656679096917125930205704528,115.84099322541445,116.44538760672312,0,0,
356,10:20:00,20230110,88819288,115.55,114.8,-0.75,-0.006490696668109044,0.0021308360444992286,26840,43617,16777,0.5658343147504144797070378151,115.63279458033156,116.36311822638696,0,0,
357,10:30:00,20230110,88819288,114.8,114.84,0.04000000000000625,0.0003484320557491834,0.002125857262407748,43617,28213,-15404,0.5652402665257608492955585466,115.47423566426525,116.28696231506761,0,0,
358,10:40:00,20230110,88819288,114.84,114.75,-0.09000000000000341,-0.0007836990595611582,0.0021221186601714064,28213,64480,36267,0.5672464809272599813121632714,115.3293885314122,116.21011419931423,0,1,
359,10:50:00,20230110,88819288,114.75,115.06,0.3100000000000023,0.0027015250544662507,0.0021237281223777807,64480,12072,-52408,0.5679285161367052130982895342,115.27551082512977,116.15260848934852,0,0,
360,11:00:00,20230110,88819288,115.06,114.82,-0.2400000000000091,-0.0020858682426560847,0.002123623247364701,12072,10866,-1206,0.5666320399048070578624555650,115.18440866010381,116.0859780648811,0,0,
361,11:10:00,20230110,88819288,114.82,114.93,0.11000000000001364,0.0009580212506533151,0.0021204033523461612,10866,19867,9001,0.5673550555495304655900590679,115.13352692808306,116.02817916163704,0,0,
362,11:20:00,20230110,88819288,114.93,114.78,-0.15000000000000568,-0.0013051422605064446,0.0021181574540215338,19867,23430,3563,0.5662861507917614778879727416,115.06282154246645,115.9657702035552,0,0,
363,11:30:00,20230110,88819288,114.78,114.37,-0.4099999999999966,-0.0035720508799442115,0.0021221516667301126,23430,15475,-7955,0.5656631723015837012717585331,114.92425723397315,115.88598169337745,0,0,
364,11:40:00,20230110,88819288,114.37,114.62,0.25,0.002185887907668095,0.002122326286568299,15475,15095,-380,0.5641806861721452330791933328,114.86340578717852,115.82268260870856,0,0,
365,11:50:00,20230110,88819288,114.62,114.83,0.20999999999999375,0.0018321409876111824,0.0021215334305602195,15095,17983,2888,0.5631619455806330918871925032,114.85672462974281,115.77304847827314,0,0,
366,12:00:00,20230110,88819288,114.83,114.87,0.04000000000000625,0.00034834102586437564,0.0021167018436264434,17983,20140,2157,0.5619542743835432995611662452,114.85937970379426,115.72789605435948,0,0,
367,12:10:00,20230110,88819288,114.87,114.71,-0.1600000000000108,-0.0013928789065901523,0.0021147349334714534,20140,15434,-4706,0.5610621821965041278321333494,114.8295037630354,115.6770012516415,0,0,
368,12:20:00,20230110,88819288,114.71,114.73,0.020000000000010232,0.0001743527155436338,0.002109476445075985,15434,20995,5561,0.5605181340333805055915514317,114.80960301042832,115.62965118905943,0,0,
369,12:30:00,20230110,88819288,114.73,115.02,0.28999999999999204,0.0025276736686131963,0.002110606707842302,20995,17415,-3580,0.5594640763460249803101273317,114.85168240834264,115.59916862960647,0,0,
370,12:40:00,20230110,88819288,115.02,114.94,-0.0799999999999983,-0.0006955312119631221,0.0021067924881768593,17415,10512,-6903,0.5590245031724253670894860084,114.86934592667411,115.56621019812614,0,0,
371,12:50:00,20230110,88819288,114.94,114.9,-0.03999999999999204,-0.0003480076561683665,0.002102064571961783,10512,11490,978,0.5577718473297047755026961346,114.8754767413393,115.53289968821984,0,0,
372,13:00:00,20230110,88819288,114.9,115.07,0.1699999999999875,0.0014795474325499346,0.0021003956252073274,11490,13286,1796,0.5566955416656541363245493888,114.91438139307144,115.50975470380885,0,0,
373,13:10:00,20230110,88819288,115.07,114.77,-0.29999999999999716,-0.0026071087164334507,0.0021017504730448306,13286,18046,4760,0.5561649970759630295153215572,114.88550511445715,115.47276696861842,0,0,
374,13:20:00,20230110,88819288,114.77,114.76,-0.009999999999990905,-8.713078330566267E-05,0.0020963781538721926,18046,8808,-9238,0.5560469944105918922246002904,114.86040409156571,115.4371286201875,0,0,
375,13:30:00,20230110,88819288,114.76,114.92,0.1599999999999966,0.0013942140118507894,0.002094510696047668,8808,17767,8959,0.5572733149198821368925537831,114.87232327325256,115.41127218917812,0,1,
376,13:40:00,20230110,88819288,114.92,114.9,-0.01999999999999602,-0.00017403411068565977,0.0020894165936992276,17767,18718,951,0.5559371156767495767478677577,114.87785861860205,115.38570857971922,0,0,
377,13:50:00,20230110,88819288,114.9,114.9,0,0,0.002083889036573039,18718,33383,14665,0.5565390557311637983841776294,114.88228689488164,115.36142315073326,0,0,
378,14:00:00,20230110,88819288,114.9,115.06,0.1599999999999966,0.0013925152306353053,0.0020820648312803273,33383,15698,-17685,0.5564684003245423471105759027,114.91782951590531,115.34635199319659,0,0,
379,14:10:00,20230110,88819288,115.06,115.06,0,0,0.002076585713303274,15698,14175,-1523,0.5552593222407947249252251338,114.94626361272425,115.33203439353676,0,0,
380,14:20:00,20230110,88819288,115.06,115.15,0.09000000000000341,0.0007822005909960317,0.002073188377024252,14175,14956,781,0.5539465602447917687714452699,114.9870108901794,115.32293267385992,0,0,
381,14:30:00,20230110,88819288,115.15,115.09,-0.060000000000002274,-0.0005210594876248569,0.0020691252123923166,14956,14447,-509,0.5525855304115529933734285858,115.00760871214352,115.31128604016692,0,0,
382,14:40:00,20230110,88819288,115.09,115.32,0.22999999999998977,0.001998436006603439,0.0020689406452753744,14447,23734,9287,0.5528211619821654280029918489,115.07008696971482,115.31172173815858,0,0,
383,14:50:00,20230110,88819288,115.32,115.2,-0.11999999999999034,-0.0010405827263266592,0.0020662626298614453,23734,13364,-10370,0.5525193514797299370024512425,115.09606957577185,115.30613565125066,0,0,
384,15:00:00,20230110,88819288,115.2,115.07,-0.13000000000000966,-0.001128472222222306,0.0020638268106208243,13364,19181,5817,0.5522148177618573211206480732,115.09085566061748,115.29432886868813,0,0,
385,15:10:00,20230110,88819288,115.07,115.42,0.3500000000000085,0.0030416268358391288,0.0020663599713079185,19181,12735,-6446,0.5516548356633846873268415469,115.15668452849398,115.30061242525372,0,0,
386,15:20:00,20230110,88819288,115.42,115.38,-0.04000000000000625,-0.0003465603881476889,0.002061916044736445,12735,28805,16070,0.5534900343249963713381052767,115.2013476227952,115.30458180399104,0,1,
387,15:30:00,20230110,88819288,115.38,115.11,-0.269999999999996,-0.0023400936037441156,0.0020626329972081143,28805,35146,6341,0.5526308728786971785364909627,115.18307809823617,115.29485271379149,0,0,
388,15:40:00,20230110,88819288,115.11,115.38,0.269999999999996,0.002345582486317401,0.002063360373786801,35146,27527,-7619,0.5517675066914802930979857079,115.22246247858894,115.29911007810192,0,0,
389,15:50:00,20230110,88819288,115.38,116.05,0.6700000000000017,0.005806898942624387,0.0020729591906299746,27527,251035,223508,0.5711721840426034907390795102,115.38796998287114,115.33665457419681,1,1,BUY
