N-term, time, date, conId, Previous Price, Current Price, Difference in Price ($), Difference in Price (%), cumulativeAggregatedAvg, Previous Volume, Current Volume, Difference in Volume, cumulativeAggregatedAvgVolume, SMA 5, SMA20, Crossing SMA Condition, Volume Condition, Order
0,09:30:00,20221227,99831145,211,210.24,-0.7599999999999909,-0.003601895734597113,0.003601895734597113,14809,14809,0,0,,,0,0,
1,09:40:00,20221227,99831145,210.24,209.56,-0.6800000000000068,-0.00323439878234402,0.003418147258470567,14809,8194,-6615,0.2233439124856506178675129988,,,0,0,
2,09:50:00,20221227,99831145,209.56,209.67,0.10999999999998522,0.0005249093338422658,0.0024537346169278,8194,17249,9055,0.5172549034990986219840860396,,,0,1,
3,10:00:00,20221227,99831145,209.67,209.8,0.13000000000002387,0.0006200219392379639,0.001995306447505341,17249,20512,3263,0.4352337742965948227695880963,,,0,0,
4,10:10:00,20221227,99831145,209.8,211.48,1.6799999999999784,0.008007626310772061,0.003197770420158685,20512,18588,-1924,0.3669467698272914588396954380,141.3835648,,0,0,
5,10:20:00,20221227,99831145,211.48,211.03,-0.44999999999998863,-0.0021278607906184445,0.003019452148568645,18588,11956,-6632,0.3652538625972712519238334231,155.31285184,,0,0,
6,10:30:00,20221227,99831145,211.03,211.15,0.12000000000000455,0.0005686395299246769,0.002669336060190935,11956,16125,4169,0.3628883416249802911629321135,166.480281472,,0,0,
7,10:40:00,20221227,99831145,211.15,211.45,0.29999999999998295,0.0014207909069381148,0.0025132679160343326,16125,15658,-467,0.3211474539606174446900462195,175.4742251776,,0,0,
8,10:50:00,20221227,99831145,211.45,211.13,-0.3199999999999932,-0.0015133601324189795,0.0024021670511881824,15658,11928,-3730,0.3119329464024267580055204272,182.60538014208,,0,0,
9,11:00:00,20221227,99831145,211.13,210.52,-0.6099999999999852,-0.002889215175484229,0.002450871863617787,11928,11226,-702,0.2866249636334114463900790485,188.188304113664,,0,0,
10,11:10:00,20221227,99831145,210.52,209.82,-0.700000000000017,-0.0033250997529926706,0.002530347126288231,11226,12797,1571,0.2732902387111637673238284015,192.5146432909312,,0,0,
11,11:20:00,20221227,99831145,209.82,209.6,-0.21999999999999886,-0.001048517777142307,0.002406861347192737,12797,9942,-2855,0.2691076491407777215680325636,195.93171463274496,,0,0,
12,11:30:00,20221227,99831145,209.6,210.03,0.4300000000000068,0.0020515267175572846,0.002379527914143856,9942,5241,-4701,0.2847795597008135284183073903,198.75137170619595,,0,0,
13,11:40:00,20221227,99831145,210.03,210,-0.030000000000001137,-0.00014283673760891841,0.0022197642586770745,5241,6103,862,0.2761861932168823852008141497,201.00109736495676,,0,0,
14,11:50:00,20221227,99831145,210,210.23,0.22999999999998977,0.0010952380952380465,0.0021447958477811392,6103,14544,8441,0.3499797992335667131610460711,202.8468778919654,,0,1,
15,12:00:00,20221227,99831145,210.23,210.69,0.46000000000000796,0.0021880797222090472,0.0021475010899328836,14544,5815,-8729,0.3656172347737680235114729909,204.41550231357232,,0,0,
16,12:10:00,20221227,99831145,210.69,210.91,0.21999999999999886,0.0010441881437182536,0.0020826003283908466,5815,13032,7217,0.4171162563689381104396079821,205.71440185085788,,0,1,
17,12:20:00,20221227,99831145,210.91,210.5,-0.4099999999999966,-0.0019439571381157678,0.00207489792893112,13032,5929,-7103,0.4242232960788828556170815036,206.6715214806863,,0,0,
18,12:30:00,20221227,99831145,210.5,210.99,0.4900000000000091,0.002327790973871777,0.0020882080891911547,5929,10171,4242,0.4395518779605199786701065435,207.53521718454905,,0,1,
19,12:40:00,20221227,99831145,210.99,210.46,-0.5300000000000011,-0.002511967391819523,0.0021093960543225733,10171,23241,13070,0.4818255867859233377151677290,208.12017374763923,135.02894588598414,0,1,
20,12:50:00,20221227,99831145,210.46,210.76,0.29999999999998295,0.0014254490164400976,0.002076827147756741,23241,13000,-10241,0.4798645440832864863956846865,208.6481389981114,138.81549859168496,0,0,
21,13:00:00,20221227,99831145,210.76,211.2,0.4399999999999977,0.00208768267223381,0.002077320580687517,13000,3447,-9553,0.4914546172543259118392374805,209.15851119848912,142.4347236621007,0,0,
22,13:10:00,20221227,99831145,211.2,210.88,-0.3199999999999932,-0.0015151515151514828,0.0020528784474033415,3447,7981,4534,0.5272760112115708832938123270,209.50280895879132,145.85698747899568,0,1,
23,13:20:00,20221227,99831145,210.88,210.52,-0.3599999999999852,-0.0017071320182093382,0.0020384723461869246,7981,5356,-2625,0.5190106004157247736815670143,209.70624716703304,149.0901381050459,0,0,
24,13:30:00,20221227,99831145,210.52,210.63,0.10999999999998522,0.0005225156754701939,0.001977834079358255,5356,5906,550,0.5023577193415901815393827505,209.89099773362645,152.1671311997936,0,0,
25,13:40:00,20221227,99831145,210.63,210.09,-0.539999999999992,-0.002563737359350482,0.002000368820896418,5906,5922,16,0.4831404651123094526054980796,209.93079818690117,155.06327463980392,0,0,
26,13:50:00,20221227,99831145,210.09,209.89,-0.20000000000001705,-0.0009519729639679045,0.0019615393447138803,5922,11658,5736,0.5011201401820738178829333828,209.9226385495209,157.80461090781372,0,1,
27,14:00:00,20221227,99831145,209.89,209.82,-0.06999999999999318,-0.00033350802801464187,0.001903395369117479,11658,15676,4018,0.4955321362539232634847297048,209.90211083961674,160.40538036242305,0,0,
28,14:10:00,20221227,99831145,209.82,209.93,0.11000000000001364,0.0005242588885712213,0.001855838938753815,15676,11053,-4623,0.4886141114061073598006736409,209.9076886716934,162.8816113443019,0,0,
29,14:20:00,20221227,99831145,209.93,209.98,0.04999999999998295,0.00023817462963836967,0.0018019167951166335,11053,19383,8330,0.4974483592019645791140520728,209.92215093735473,165.23653077708678,0,1,
30,14:30:00,20221227,99831145,209.98,210.11,0.13000000000002387,0.0006191065815793117,0.0017637616269380102,19383,12381,-7002,0.4930546827571722861720033016,209.9597207498838,167.48020423823246,0,0,
31,14:40:00,20221227,99831145,210.11,210.57,0.45999999999997954,0.0021893293988862,0.001777060619811391,12381,14703,2322,0.4835075186871846284830656833,210.08177659990704,169.63469402632086,0,0,
32,14:50:00,20221227,99831145,210.57,210.49,-0.07999999999998408,-0.0003799211663579051,0.0017347230606158308,14703,10219,-4484,0.4780973446199304181640285156,210.16342127992561,171.6774593250048,0,0,
33,15:00:00,20221227,99831145,210.49,210.98,0.4899999999999807,0.002327901563019529,0.0017521694871571161,10219,12606,2387,0.4709057903505732549121326601,210.3267370239405,173.64258635875458,0,0,
34,15:10:00,20221227,99831145,210.98,211.2,0.21999999999999886,0.0010427528675703804,0.0017319004408832095,12606,9057,-3549,0.4654951278697606567130384775,210.5013896191524,175.52045704081686,0,0,
35,15:20:00,20221227,99831145,211.2,211.01,-0.18999999999999773,-0.0008996212121212014,0.001708781573417598,9057,10239,1182,0.4561898962713762816199551979,210.60311169532193,177.294934188776,0,0,
36,15:30:00,20221227,99831145,211.01,211.47,0.46000000000000796,0.002179991469598635,0.0017215169760170855,10239,24139,13900,0.4805511003904371544683205596,210.7764893562575,179.0036874793372,0,1,
37,15:40:00,20221227,99831145,211.47,210.84,-0.6299999999999955,-0.002979145978152908,0.0017546124760732913,24139,36868,12729,0.4817818854572707318505096901,210.78919148500603,180.59550310537034,0,0,
38,15:50:00,20221227,99831145,210.84,210.9,0.060000000000002274,0.00028457598178714796,0.0017169192326300568,36868,70645,33777,0.4929197949548833808979327968,210.81135318800483,182.11072795010182,0,1,
39,09:30:00,20221228,99831145,210.9,213.65,2.75,0.013039355144618302,0.001999980130429763,70645,32745,-37900,0.4940089311589361318203142596,211.3790825504039,183.68769155259673,0,0,
40,09:40:00,20221228,99831145,213.65,213.47,-0.18000000000000682,-0.0008424994149309938,0.0019717488934663783,32745,17230,-15515,0.4935163424927838884046699494,211.7972660403231,185.1768069749669,0,0,
41,09:50:00,20221228,99831145,213.47,213.14,-0.3300000000000125,-0.0015458846676348551,0.0019616092690418183,17230,29838,12608,0.4991884998855502892044758483,212.06581283225847,186.57496662621855,0,0,
42,10:00:00,20221228,99831145,213.14,212.48,-0.6599999999999966,-0.003096556254105267,0.0019880033849735265,29838,17536,-12302,0.4971676754494207325993639414,212.1486502658068,187.87021829490763,0,0,
43,10:10:00,20221228,99831145,212.48,213.03,0.5500000000000114,0.002588478915662704,0.0020016505561255534,17536,8646,-8890,0.4973901627525775606739968445,212.32492021264542,189.12820738016225,0,0,
44,10:20:00,20221228,99831145,213.03,212.24,-0.789999999999992,-0.0037083978782330752,0.0020395782743946093,8646,12701,4055,0.4967593370729857504866594072,212.30793617011634,190.28379701115412,0,0,
45,10:30:00,20221228,99831145,212.24,211.67,-0.5700000000000216,-0.0026856388993593177,0.0020536230705894944,12701,14489,1788,0.4890205757632566431980668261,212.18034893609308,191.3531071605964,0,0,
46,10:40:00,20221228,99831145,211.67,212.86,1.1900000000000261,0.005621958709311788,0.002129545105455926,14489,24621,10132,0.4934943744891663567984110487,212.31627914887446,192.4284518025666,0,0,
47,10:50:00,20221228,99831145,212.86,213.05,0.18999999999999773,0.000892605468382964,0.0021037755296835726,24621,13955,-10666,0.4922383963655644139525903414,212.4630233190996,193.45952921243827,0,0,
48,11:00:00,20221228,99831145,213.05,213,-0.05000000000001137,-0.00023468669326454525,0.002065630859552572,13955,18640,4685,0.4890441834490010413091688507,212.57041865527967,194.43655275181635,0,0,
49,11:10:00,20221228,99831145,213,212.75,-0.25,-0.0011737089201877935,0.0020477924207652765,18640,7321,-11319,0.4914081495654287458048738857,212.60633492422375,195.35222511422552,0,0,
50,11:20:00,20221228,99831145,212.75,212.87,0.12000000000000455,0.0005640423031727593,0.0020186992812046387,7321,9574,2253,0.4878069082720007510006778402,212.65906793937899,196.22811385851423,0,0,
51,11:30:00,20221228,99831145,212.87,212.74,-0.12999999999999545,-0.0006107013670315002,0.0019916223982397708,9574,7928,-1646,0.4817322362038270610590079136,212.67525435150318,197.05370816558852,0,0,
52,11:40:00,20221228,99831145,212.74,212.5,-0.2400000000000091,-0.0011281376327912432,0.0019753302328539496,7928,11972,4044,0.4822673037727398684479712850,212.64020348120255,197.8260227573091,0,0,
53,11:50:00,20221228,99831145,212.5,213.23,0.7299999999999898,0.003435294117647011,0.0020023666010908583,11972,8646,-3326,0.4784811481739240486569479215,212.75816278496205,198.5962216194436,0,0,
54,12:00:00,20221228,99831145,213.23,212.22,-1.009999999999991,-0.004736669324203869,0.0020520811960565493,8646,10240,1594,0.4731335402267666719936712161,212.65053022796963,199.27741053847143,0,0,
55,12:10:00,20221228,99831145,212.22,211.88,-0.3400000000000034,-0.0016021110168693026,0.0020440460142853484,10240,11511,1271,0.4669011751111101242794985158,212.4964241823757,199.90754001154784,0,0,
56,12:20:00,20221228,99831145,211.88,212,0.12000000000000455,0.0005663583160279618,0.0020181216687018854,11511,5075,-6436,0.4685190030214018991331757652,212.39713934590057,200.51216301097045,0,0,
57,12:30:00,20221228,99831145,212,211.46,-0.539999999999992,-0.0025471698113207174,0.0020272431884022103,5075,8605,3530,0.4724336150807407316859161525,212.20971147672046,201.05955486042194,0,0,
58,12:40:00,20221228,99831145,211.46,212.05,0.5900000000000034,0.0027901257921119993,0.00204017340202441,8605,14191,5586,0.4754289345978331316580306927,212.17776918137636,201.60907711740083,0,0,
59,12:50:00,20221228,99831145,212.05,211.72,-0.3300000000000125,-0.0015562367366187809,0.0020321077909343163,14191,12389,-1802,0.4696214838533732040379908628,212.0862153451011,202.1146232615308,0,0,
60,13:00:00,20221228,99831145,211.72,211.79,0.06999999999999318,0.0003306253542414188,0.0020042146362344326,12389,27395,15006,0.4817790951618456318198721075,212.02697227608087,202.59839209845424,0,1,
61,13:10:00,20221228,99831145,211.79,212.12,0.3300000000000125,0.001558147221304181,0.001997020000509751,27395,29944,2549,0.4755092093739053077180490786,212.0455778208647,203.07447249353152,0,0,
62,13:20:00,20221228,99831145,212.12,212.15,0.030000000000001137,0.00014142937959646019,0.001967566181130175,29944,43800,13856,0.4753063716082283082532760729,212.06646225669178,203.52824886885492,0,0,
63,13:30:00,20221228,99831145,212.15,211.36,-0.789999999999992,-0.003723780344096121,0.001995007027426518,43800,11705,-32095,0.4793291245061876404801976297,211.92516980535345,203.91983642541217,0,0,
64,13:40:00,20221228,99831145,211.36,211.64,0.2799999999999727,0.0013247539742617935,0.0019846954419932145,11705,11361,-344,0.4724069710512605201413277013,211.86813584428276,204.30584460414156,0,0,
65,13:50:00,20221228,99831145,211.64,211.65,0.010000000000019327,4.725004725013857E-05,0.0019553402087395316,11361,14947,3586,0.4700317325317728379732972195,211.82450867542622,204.6730523739345,0,0,
66,14:00:00,20221228,99831145,211.65,211.38,-0.27000000000001023,-0.001275690999291331,0.001945196190688066,14947,10860,-4087,0.4670974200444146114343652584,211.73560694034097,205.00839975523775,0,0,
67,14:10:00,20221228,99831145,211.38,211.87,0.4900000000000091,0.002318100104078007,0.00195068007176733,10860,21583,10723,0.4747487064953918312911288719,211.76248555227278,205.35147976747587,0,1,
68,14:20:00,20221228,99831145,211.87,211.73,-0.14000000000001478,-0.0006607825553406087,0.0019319859048625948,21583,7437,-14146,0.4773671781371965783882762951,211.75598844181823,205.67040577910208,0,0,
69,14:30:00,20221228,99831145,211.73,211.78,0.05000000000001137,0.00023614981344170107,0.0019077596749851535,7437,13328,5891,0.4818636538593458110791201246,211.7607907534546,205.97588549014696,0,1,
70,14:40:00,20221228,99831145,211.78,212.2,0.4199999999999875,0.001983190102936951,0.0019088220753788407,13328,26017,12689,0.4884860787673681457488374696,211.84863260276367,206.28709121563963,0,1,
71,14:50:00,20221228,99831145,212.2,211.87,-0.3299999999999841,-0.0015551366635249016,0.0019039097779919804,26017,6810,-19207,0.4919549952924123385159878454,211.85290608221092,206.56623665485765,0,0,
72,15:00:00,20221228,99831145,211.87,211.07,-0.8000000000000114,-0.003775900316231705,0.0019295534839952643,6810,9844,3034,0.4913189171680961072982100464,211.69632486576873,206.79142482211478,0,0,
73,15:10:00,20221228,99831145,211.07,211.11,0.040000000000020464,0.000189510588904252,0.0019060393908183588,9844,11817,1973,0.4873879406635402548098736476,211.579059892615,207.00735358100903,0,0,
74,15:20:00,20221228,99831145,211.11,211.1,-0.010000000000019327,-4.73686703615145E-05,0.0018812571145456008,11817,9896,-1921,0.4830569335891885522445431611,211.483247914092,207.21198590195857,0,0,
75,15:30:00,20221228,99831145,211.1,210.53,-0.5699999999999932,-0.0027001421127427435,0.001892031917153458,9896,19624,9728,0.4896354403026950595082275855,211.2925983312736,207.37788660686064,0,1,
76,15:40:00,20221228,99831145,210.53,210.38,-0.15000000000000568,-0.0007124875314682263,0.0018767131588978056,19624,36188,16564,0.4942384668905333757974589943,211.11007866501888,207.5279922765176,0,1,
77,15:50:00,20221228,99831145,210.38,210.02,-0.3599999999999852,-0.0017111892765471301,0.0018745910578420277,36188,52842,16654,0.4938021763367038651637603160,210.8920629320151,207.65259266269175,0,0,
78,09:30:00,20221229,99831145,210.02,212.4,2.3799999999999955,0.011332254071040831,0.001994308311173658,52842,25261,-27581,0.4941585061927533286843431899,211.19365034561207,207.88996302955715,0,0,
79,09:40:00,20221229,99831145,212.4,212.74,0.3400000000000034,0.001600753295668566,0.0019893888734798444,25261,14720,-10541,0.4931975693608112332428052493,211.50292027648965,208.1324648780793,0,0,
80,09:50:00,20221229,99831145,212.74,213.95,1.2099999999999795,0.0056876938986555395,0.0020350469602104086,14720,10292,-4428,0.4908224785957555926821050235,211.99233622119172,208.42334163417533,0,0,
81,10:00:00,20221229,99831145,213.95,213.94,-0.009999999999990905,-4.673989249820475E-05,0.0020107993130431866,10292,8188,-2104,0.4873298950242063944416006477,212.3818689769534,208.69917455246656,0,0,
82,10:10:00,20221229,99831145,213.94,214.88,0.9399999999999977,0.004393755258483676,0.002039509625638855,8188,23953,15765,0.5046557830701004710543224296,212.8814951815627,209.00821582484323,0,1,
83,10:20:00,20221229,99831145,214.88,215.14,0.2599999999999909,0.001209977661950814,0.0020296342451187593,23953,9813,-14140,0.5056756275016170935953083558,213.33319614525016,209.3148050336011,0,0,
84,10:30:00,20221229,99831145,215.14,215.33,0.19000000000002615,0.0008831458585108588,0.002016146146452784,9813,7601,-2212,0.5023784467717648944843441955,213.73255691620014,209.61556478192105,0,0,
85,10:40:00,20221229,99831145,215.33,215.33,0,0,0.0019927025866103096,7601,8373,772,0.4977178320822776101261423980,214.0520455329601,209.901286542825,0,0,
86,10:50:00,20221229,99831145,215.33,215.82,0.4899999999999807,0.0022755770213160297,0.0019959540168942836,8373,12554,4181,0.4977365136298011766672190246,214.40563642636806,210.19722221568375,0,0,
87,11:00:00,20221229,99831145,215.82,215.07,-0.75,-0.0034751181540172366,0.002012762700270681,12554,16940,4386,0.4960505386850999912682514123,214.53850914109444,210.44086110489957,0,0,
88,11:10:00,20221229,99831145,215.07,215.11,0.040000000000020464,0.0001859859580602616,0.00199223711889753,16940,12093,-4847,0.4936918529566694473444992540,214.65280731287555,210.6743180496546,0,0,
89,11:20:00,20221229,99831145,215.11,214.64,-0.4700000000000273,-0.0021849286411604633,0.0019943781358115623,12093,12239,146,0.4883405334809350889675345917,214.65024585030045,210.87260214717188,0,0,
90,11:30:00,20221229,99831145,214.64,215.19,0.5500000000000114,0.0025624301155423566,0.0020006204652591535,12239,18730,6491,0.4888022175863545644922051810,214.75819668024036,211.0884720398133,0,0,
91,11:40:00,20221229,99831145,215.19,215.59,0.4000000000000057,0.0018588224359868289,0.0019990791823322803,18730,7310,-11420,0.4901165090419405686978860214,214.9245573441923,211.31354843782265,0,0,
92,11:50:00,20221229,99831145,215.59,215.94,0.3499999999999943,0.0016234519226308935,0.0019950401795397923,7310,17037,9727,0.4991544278141386394550142052,215.12764587535383,211.5448710159315,0,1,
93,12:00:00,20221229,99831145,215.94,216.42,0.47999999999998977,0.0022228396776881993,0.0019974635784562648,17037,10707,-6330,0.4977968731136248141009381099,215.38611670028305,211.78862746513494,0,0,
94,12:10:00,20221229,99831145,216.42,216.39,-0.030000000000001137,-0.00013861935126144136,0.001977896797117372,10707,13646,2939,0.4954463094190152071201840097,215.58689336022644,212.01869609187818,0,0,
95,12:20:00,20221229,99831145,216.39,216.19,-0.19999999999998863,-0.0009242571283330498,0.0019669213839008685,13646,6497,-7149,0.4957425956183197335409589995,215.70751468818116,212.22726128728425,0,0,
96,12:30:00,20221229,99831145,216.19,215.92,-0.27000000000001023,-0.0012489014292983499,0.0019595191163276466,6497,15230,8733,0.5044891548649629529986062076,215.75001175054493,212.41189822292003,0,1,
97,12:40:00,20221229,99831145,215.92,215.8,-0.11999999999997613,-0.0005557613931084482,0.0019451950579274506,15230,12804,-2426,0.5009667234201819851356552833,215.76000940043593,212.581303311774,0,0,
98,12:50:00,20221229,99831145,215.8,215.34,-0.46000000000000796,-0.0021316033364226503,0.0019470779698314426,12804,17235,4431,0.4994020467198200321650897954,215.67600752034872,212.7192381461853,0,0,
99,13:00:00,20221229,99831145,215.34,214.9,-0.4399999999999977,-0.0020432803937958472,0.0019480399940710867,17235,19375,2140,0.4956496856666050056177353871,215.52080601627898,212.82827623887604,0,0,
100,13:10:00,20221229,99831145,214.9,215.28,0.37999999999999545,0.0017682643089809002,0.001946260036792966,19375,15236,-4139,0.4928573700308130046039539125,215.47264481302318,212.95086242693225,0,0,
101,13:20:00,20221229,99831145,215.28,215.23,-0.05000000000001137,-0.00023225566703832855,0.0019294560723836069,15236,26315,11079,0.4951544483580787510184406018,215.42411585041853,213.06481930558564,0,0,
102,13:30:00,20221229,99831145,215.23,215.44,0.21000000000000796,0.0009757004135111647,0.0019201963087052336,26315,11296,-15019,0.4958882801426960952799732046,215.42729268033483,213.18357834030635,0,0,
103,13:40:00,20221229,99831145,215.44,215.5,0.060000000000002274,0.00027849981433346766,0.0019044107654901203,11296,7612,-3684,0.4942560192228232547473454387,215.44183414426786,213.29939942329105,0,0,
104,13:50:00,20221229,99831145,215.5,215.36,-0.13999999999998636,-0.0006496519721577093,0.0018924606817440975,7612,16399,8787,0.5005427384151710131549514824,215.4254673154143,213.40242945212648,0,1,
105,14:00:00,20221229,99831145,215.36,215.12,-0.2400000000000091,-0.0011144130757801314,0.0018851206099897205,16399,14976,-1423,0.4966392558240383339621750882,215.36437385233143,213.48830797952016,0,0,
106,14:10:00,20221229,99831145,215.12,214.91,-0.21000000000000796,-0.0009761993306062102,0.001876626018593613,14976,6975,-8001,0.4969908030377604774981145015,215.27349908186514,213.55939258054414,0,0,
107,14:20:00,20221229,99831145,214.91,214.75,-0.1599999999999966,-0.000744497696710235,0.0018661433489465446,6975,8558,1583,0.4944904567597990022152931174,215.1687992654921,213.61892295151694,0,0,
108,14:30:00,20221229,99831145,214.75,214.84,0.09000000000000341,0.00041909196740397395,0.0018528676481984476,8558,6624,-1934,0.4920271257824524560779180571,215.10303941239368,213.6799768039411,0,0,
109,14:40:00,20221229,99831145,214.84,215.06,0.21999999999999886,0.0010240178737665187,0.0018453326502490665,6624,18537,11913,0.5039037895928623085852466018,215.09443152991494,213.74897796374404,0,1,
110,14:50:00,20221229,99831145,215.06,214.9,-0.1599999999999966,-0.00074397842462567,0.0018354105401083153,18537,8627,-9910,0.5041803902519372006252500056,215.05554522393197,213.80652906555684,0,0,
111,15:00:00,20221229,99831145,214.9,215.41,0.5099999999999909,0.00237319683573751,0.0018402122034621474,8627,12001,3374,0.5031707235217551080361671099,215.12643617914557,213.886702612279,0,0,
112,15:10:00,20221229,99831145,215.41,215.13,-0.28000000000000114,-0.001299846803769561,0.0018354302087746025,12001,19422,7421,0.5041901431033205210573961362,215.12714894331646,213.94886748166505,0,0,
113,15:20:00,20221229,99831145,215.13,215.2,0.06999999999999318,0.00032538465114113874,0.001822184195111151,19422,13978,-5444,0.5022262005317058161017314858,215.14171915465315,214.01142410758177,0,0,
114,15:30:00,20221229,99831145,215.2,215.26,0.060000000000002274,0.00027881040892194367,0.0018087635534921145,13978,16235,2257,0.4992630859286138866116196935,215.16537532372251,214.0738529022027,0,0,
115,15:40:00,20221229,99831145,215.26,215.76,0.5,0.0023227724612097,0.0018131946647655418,16235,30159,13924,0.5023526560357413961168714135,215.28430025897802,214.1581602570926,0,1,
116,15:50:00,20221229,99831145,215.76,215.77,0.010000000000019327,4.634779384510256E-05,0.0017980934094585295,30159,85967,55808,0.5138749344690528440849514936,215.3814402071824,214.23875224423796,0,1,
117,09:30:00,20221230,99831145,215.77,214.51,-1.2600000000000193,-0.005839551374148488,0.0018323430532270885,85967,33544,-52423,0.5146878906337951027080917659,215.20715216574592,214.25231463202607,0,0,
118,09:40:00,20221230,99831145,214.51,213.21,-1.299999999999983,-0.006060323528040572,0.0018678723009145966,33544,7889,-25655,0.5167898105494859141933101696,214.80772173259675,214.20019890042477,0,0,
119,09:50:00,20221230,99831145,213.21,213.48,0.2699999999999818,0.0012663571127056977,0.0018628596743461893,7889,13218,5329,0.5181123748632720992008406721,214.54217738607738,214.16418895540355,0,0,
120,10:00:00,20221230,99831145,213.48,212.8,-0.6799999999999784,-0.0031853100993066256,0.0018737890167012342,13218,11723,-1495,0.5147651927894016754440822873,214.1937419088619,214.0959795076334,0,0,
121,10:10:00,20221230,99831145,212.8,213.6,0.799999999999983,0.003759398496240521,0.0018892448321072939,11723,20569,8846,0.5167309289455427097837291797,214.07499352708953,214.07118053225173,0,0,
122,10:20:00,20221230,99831145,213.6,213.53,-0.06999999999999318,-0.00032771535580521154,0.001876549470511342,20569,6800,-13769,0.5179721849371818494324540445,213.96599482167164,214.04412150563914,-1,0,
123,10:30:00,20221230,99831145,213.53,213.04,-0.4900000000000091,-0.002294759518568862,0.0018799221321892253,6800,6504,-296,0.5141460335406296238914902310,213.78079585733732,213.99391543035716,0,0,
124,10:40:00,20221230,99831145,213.04,213.67,0.6299999999999955,0.002957191137814474,0.0018885402842342273,6504,47162,40658,0.5600427053707055709101984076,213.75863668586987,213.9777196588393,0,1,
125,10:50:00,20221230,99831145,213.67,212.83,-0.839999999999975,-0.003931295923620419,0.001904752630578562,47162,4743,-42419,0.5627362691844072771979369930,213.5729093486959,213.92033367589735,0,0,
126,11:00:00,20221230,99831145,212.83,212.91,0.07999999999998408,0.00037588685805565043,0.0018927143174090903,4743,6717,1974,0.5615823795322856363285085022,213.4403274789567,213.86981699210247,0,0,
127,11:10:00,20221230,99831145,212.91,212.78,-0.12999999999999545,-0.0006105866328495395,0.001882697694873469,6717,7971,1254,0.5586535366205058673896004708,213.30826198316538,213.81532614249736,0,0,
128,11:20:00,20221230,99831145,212.78,212.62,-0.1599999999999966,-0.0007519503712754798,0.0018739322117448023,7971,8485,514,0.5548227631087719051593039158,213.1706095865323,213.75555983537248,0,0,
129,11:30:00,20221230,99831145,212.62,213.06,0.4399999999999977,0.0020694196218605855,0.0018754359610533853,8485,17023,8538,0.5582952519850894523101341649,213.14848766922583,213.72078184360385,0,1,
130,11:40:00,20221230,99831145,213.06,212.66,-0.4000000000000057,-0.001877405425701707,0.00187545099513467,17023,4567,-12456,0.5596190738307279406298545370,213.05079013538068,213.66774275142367,0,0,
131,11:50:00,20221230,99831145,212.66,212.59,-0.06999999999999318,-0.00032916392363393766,0.0018637366991384524,4567,6723,2156,0.5589559166786538808318694104,212.95863210830456,213.6138556138525,0,0,
132,12:00:00,20221230,99831145,212.59,211.8,-0.789999999999992,-0.003716073192530185,0.0018776640411940293,6723,7807,1084,0.5559655529650072139182302723,212.72690568664365,213.5231628331599,0,0,
133,12:10:00,20221230,99831145,211.8,211.97,0.1699999999999875,0.0008026440037770891,0.0018696415036013657,7807,5034,-2773,0.5544672582161329627973842427,212.57552454931493,213.4455046915019,0,0,
134,12:20:00,20221230,99831145,211.97,212.16,0.18999999999999773,0.0008963532575364332,0.0018624319610379217,5034,7503,2469,0.5539931662226368646577382322,212.49241963945195,213.3812294569268,0,0,
135,12:30:00,20221230,99831145,212.16,212.31,0.15000000000000568,0.0007070135746606602,0.0018539362376086771,7503,10983,3480,0.5533300876048992103120970671,212.45593571156155,213.32766798408045,0,0,
136,12:40:00,20221230,99831145,212.31,212.02,-0.28999999999999204,-0.0013659271819508832,0.0018503741277133647,10983,8161,-2822,0.5511666749039402578056303630,212.36874856924925,213.26228458487643,0,0,
137,12:50:00,20221230,99831145,212.02,212.46,0.4399999999999977,0.0020752759173662755,0.0018520038508267917,8161,16244,8083,0.5543498319535602634848578754,212.38699885539938,213.22217035563258,0,1,
138,13:00:00,20221230,99831145,212.46,212.32,-0.14000000000001478,-0.0006589475666008414,0.0018434207120913532,16244,7862,-8382,0.5540739763990340397812090101,212.3735990843195,213.17706183785094,0,0,
139,13:10:00,20221230,99831145,212.32,211.92,-0.4000000000000057,-0.0018839487565938476,0.0018437101981235138,7862,5040,-2822,0.5526801747469197053508933278,212.2828792674556,213.1142087459584,0,0,
140,13:20:00,20221230,99831145,211.92,211.08,-0.839999999999975,-0.003963759909399656,0.0018587460116786638,5040,8089,3049,0.5530509559009154341095214625,212.04230341396448,213.01249830866047,0,0,
141,13:30:00,20221230,99831145,211.08,211.54,0.45999999999997954,0.002179268523782355,0.0018610032124681264,8089,7851,-238,0.5493634327802433816904721893,211.94184273117156,212.93887339322745,0,0,
142,13:40:00,20221230,99831145,211.54,211.61,0.0700000000000216,0.0003309066843151253,0.0018503032367467767,7851,12602,4751,0.5497535195530675724624357651,211.87547418493725,212.87242972356609,0,0,
143,13:50:00,20221230,99831145,211.61,211.01,-0.6000000000000227,-0.002835404754028745,0.0018571442195056793,12602,5685,-6917,0.5497474612921391056691514013,211.7023793479498,212.7793082373878,0,0,
144,14:00:00,20221230,99831145,211.01,210.22,-0.789999999999992,-0.0037438983934410318,0.0018701563172569577,5685,10066,4381,0.5512707508715576471233968437,211.40590347835985,212.6513428255184,0,0,
145,14:10:00,20221230,99831145,210.22,209.93,-0.28999999999999204,-0.001379507182951156,0.001866795706748014,10066,10525,459,0.5478072460456870919138455585,211.1107227826879,212.51527568424248,0,0,
146,14:20:00,20221230,99831145,209.93,210.06,0.12999999999999545,0.0006192540370599507,0.0018583090287229251,10525,7262,-3263,0.5461896712628533099290065943,210.90057822615032,212.39251190003034,0,0,
147,14:30:00,20221230,99831145,210.06,209.62,-0.4399999999999977,-0.002094639626773292,0.0018599058570881303,7262,13444,6182,0.5482510967201478152615554734,210.64446258092025,212.25388630502883,0,1,
148,14:40:00,20221230,99831145,209.62,209.39,-0.2300000000000182,-0.0010972235473715208,0.0018547871838685557,13444,15567,2123,0.5456313867503273583284078045,210.3935700647362,212.1106919897774,0,0,
149,14:50:00,20221230,99831145,209.39,209.2,-0.18999999999999773,-0.0009073976789722419,0.0018484712538359136,15567,14777,-790,0.5423321666918522310347317272,210.15485605178895,211.96515739028854,0,0,
150,15:00:00,20221230,99831145,209.2,209.62,0.4200000000000159,0.0020076481835564815,0.0018495254056883677,14777,7566,-7211,0.5419722721415664591967177424,210.04788484143117,211.8478995207741,0,0,
151,15:10:00,20221230,99831145,209.62,210.64,1.0199999999999818,0.004865947905734099,0.0018693702905570896,7566,17209,9643,0.5467916491580120086855299090,210.16630787314494,211.7875045447354,0,1,
152,15:20:00,20221230,99831145,210.64,210.72,0.0800000000000125,0.0003797949107482554,0.0018596345037609535,17209,9711,-7498,0.5460655746460203624776559761,210.27704629851596,211.73412931749866,0,0,
153,15:30:00,20221230,99831145,210.72,211.2,0.47999999999998977,0.0022779043280181746,0.0018623505415808056,9711,31554,21843,0.5571255703428352585989239202,210.46163703881274,211.70742285162373,0,1,
154,15:40:00,20221230,99831145,211.2,211.83,0.6300000000000239,0.0029829545454546588,0.0018695802448316047,31554,27747,-3807,0.5543096009454483266727368726,210.7353096310502,211.71355170904255,0,0,
155,15:50:00,20221230,99831145,211.83,211.86,0.030000000000001137,0.00014162299957513636,0.0018585035958235503,27747,66112,38365,0.5596196163276995483986734188,210.96024770484019,211.72087412359042,0,1,
156,09:30:00,20230103,99831145,211.86,213.84,1.9799999999999898,0.009345794392523315,0.001906193346121001,66112,39163,-26949,0.5586515070012894656300640895,211.53619816387214,211.82683041741092,0,0,
157,09:40:00,20230103,99831145,213.84,214.04,0.19999999999998863,0.0009352787130564377,0.0019000483167978077,39163,35223,-3940,0.5557524795078416816130410792,212.0369585310977,211.93748889654037,1,0,
158,09:50:00,20230103,99831145,214.04,213.22,-0.8199999999999932,-0.0038310596150251974,0.001912193041943892,35223,34040,-1183,0.5524684136564826393864056196,212.27356682487817,212.00161445171335,0,0,
159,10:00:00,20230103,99831145,213.22,212.9,-0.3199999999999932,-0.0015007972985648305,0.0019096218185477728,34040,29342,-4698,0.5498780742027394936305461074,212.3988534599025,212.0465337291277,0,0,
160,10:10:00,20230103,99831145,212.9,212.69,-0.21000000000000796,-0.0009863785814936963,0.0019038873885039585,29342,33042,3700,0.5472459067050951396355927211,212.45708276792203,212.0787070426713,0,0,
161,10:20:00,20230103,99831145,212.69,212.37,-0.3199999999999932,-0.0015045371197517194,0.0019014222633882039,33042,10004,-23038,0.5481717580440663118279914611,212.43966621433765,212.09327169053776,0,0,
162,10:30:00,20230103,99831145,212.37,212.34,-0.030000000000001137,-0.00014126289023873962,0.0018906237396265507,10004,12290,2286,0.5462106343539884537788631207,212.41973297147013,212.10560810601086,0,0,
163,10:40:00,20230103,99831145,212.34,213.31,0.9699999999999989,0.004568145427145139,0.0019069500913797127,12290,27335,15045,0.5503445084652972125868657464,212.5977863771761,212.16582770071034,0,1,
164,10:50:00,20230103,99831145,213.31,213.88,0.5699999999999932,0.002672167268294938,0.001911587771239805,27335,5476,-21859,0.5518555766066192163879506081,212.85422910174088,212.2515363156748,0,0,
165,11:00:00,20230103,99831145,213.88,213.91,0.030000000000001137,0.0001402655694782174,0.0019009171555665425,5476,6781,1305,0.5499667637171894958671452345,213.0653832813927,212.33445949989107,0,0,
166,11:10:00,20230103,99831145,213.91,212.65,-1.259999999999991,-0.005890327707914501,0.0019248058415087459,6781,8310,1529,0.5480237469710625826343495560,212.98230662511418,212.3502365248965,0,0,
167,11:20:00,20230103,99831145,212.65,212.4,-0.25,-0.0011756407241946861,0.0019203465253342575,8310,10083,1773,0.5460316853862468628606321152,212.86584530009134,212.35272469865168,0,0,
168,11:30:00,20230103,99831145,212.4,211.86,-0.539999999999992,-0.0025423728813558947,0.0019240271546598292,10083,38276,28193,0.5593456543059004087737991286,212.66467624007305,212.3280884637191,0,1,
169,11:40:00,20230103,99831145,211.86,212.48,0.6199999999999761,0.0029264608703859912,0.0019299238235758655,38276,8070,-30206,0.5606975205860740325395399191,212.62774099205842,212.33568404053315,0,0,
170,11:50:00,20230103,99831145,212.48,212.62,0.14000000000001478,0.0006588855421687443,0.0019224908511699759,8070,10224,2154,0.5589794912150517512996621774,212.62619279364674,212.3498998385065,0,0,
171,12:00:00,20230103,99831145,212.62,212.58,-0.03999999999999204,-0.00018812905653274405,0.0019124073523639454,10224,11076,852,0.5562141065762045511952067771,212.6169542349174,212.36140484658117,0,0,
172,12:10:00,20230103,99831145,212.58,212.13,-0.45000000000001705,-0.002116850127011088,0.0019135891025064144,11076,15014,3938,0.5550541609746967127562980340,212.51956338793389,212.34983460425212,0,0,
173,12:20:00,20230103,99831145,212.13,211.88,-0.25,-0.001178522604063546,0.0019093645824004208,15014,5593,-9421,0.5554704072778122354158682364,212.3916507103471,212.3263428740395,0,0,
174,12:30:00,20230103,99831145,211.88,212.4,0.5200000000000102,0.0024542193694544563,0.0019124780383264438,5593,14533,8940,0.5614301569772786052836305403,212.39332056827772,212.33002573033755,0,1,
175,12:40:00,20230103,99831145,212.4,211.03,-1.3700000000000045,-0.00645009416195859,0.0019382599481198083,14533,6921,-7612,0.5612161985912891995226871846,212.12065645462218,212.2650244438207,-1,0,
176,12:50:00,20230103,99831145,211.03,211.37,0.3400000000000034,0.0016111453347865394,0.0019364118429597333,6921,11897,4976,0.5621074700508278732309732590,211.97052516369774,212.22027322162967,0,0,
177,13:00:00,20230103,99831145,211.37,211.24,-0.12999999999999545,-0.000615035246250629,0.0019289883789332777,11897,14695,2798,0.5602708288754986668274002268,211.82442013095817,212.1712595605482,0,0,
178,13:10:00,20230103,99831145,211.24,211.16,-0.0800000000000125,-0.0003787161522439524,0.0019203276402366893,14695,14326,-369,0.5572811068249682531044075141,211.69153610476653,212.1206965825208,0,0,
179,13:20:00,20230103,99831145,211.16,212.8,1.6400000000000148,0.007766622466376278,0.0019528070559374647,14326,22609,8283,0.5573972091965791178902771288,211.91322888381322,212.15466175339475,0,0,
180,13:30:00,20230103,99831145,212.8,212.78,-0.020000000000010232,-9.398496240606311E-05,0.0019425373206140868,22609,7446,-15163,0.5580229822159469349708018806,212.08658310705056,212.18592866572502,0,0,
181,13:40:00,20230103,99831145,212.78,212.92,0.13999999999998636,0.0006579565748659948,0.001935479184648438,7446,3962,-3484,0.5575278132443478015192602381,212.25326648564044,212.22263223243874,1,0,
182,13:50:00,20230103,99831145,212.92,213.03,0.11000000000001364,0.0005166259628029948,0.0019277258883542007,3962,16163,12201,0.5713091109881128785080039743,212.40861318851233,212.2630006208168,0,1,
183,14:00:00,20230103,99831145,213.03,213.07,0.03999999999999204,0.00018776698117632277,0.0019182695899456253,16163,5600,-10563,0.5717559618334073956232736629,212.54089055080988,212.30335058977596,0,0,
184,14:10:00,20230103,99831145,213.07,212.68,-0.38999999999998636,-0.0018303843807198873,0.0019177945347606214,5600,20328,14728,0.5828816052829565448361208323,212.56871244064791,212.32218306028716,0,1,
185,14:20:00,20230103,99831145,212.68,212.53,-0.15000000000000568,-0.0007052849351138127,0.001911275665945316,20328,8333,-11995,0.5829202676523056864820976024,212.56096995251832,212.3325739072728,0,0,
186,14:30:00,20230103,99831145,212.53,212.37,-0.1599999999999966,-0.000752834893897316,0.0019050807955065566,8333,9646,1313,0.5806456475186147795182541379,212.52277596201463,212.33444521190918,0,0,
187,14:40:00,20230103,99831145,212.37,213.61,1.240000000000009,0.005838866129867727,0.0019260051855829459,9646,23090,13444,0.5849706086335932304232521972,212.7402207696117,212.39822295131373,0,1,
188,14:50:00,20230103,99831145,213.61,213.78,0.1699999999999875,0.000795842891250351,0.0019200254909039374,23090,15970,-7120,0.5835070530154004060047763245,212.94817661568936,212.46731180374803,0,0,
189,15:00:00,20230103,99831145,213.78,213.82,0.03999999999999204,0.00018710824211802809,0.0019109048738050643,15970,13649,-2321,0.5812008843317976164045732207,213.1225412925515,212.53494621356063,0,0,
190,15:10:00,20230103,99831145,213.82,214.32,0.5,0.0023384154896642037,0.0019131431492807665,13649,49698,36049,0.5919859366205966709097242339,213.3620330340412,212.6241989028826,0,1,
191,15:20:00,20230103,99831145,214.32,214.42,0.09999999999999432,0.000466592011944729,0.001905609028773808,49698,38035,-11663,0.5901249549288692190430671800,213.57362642723297,212.71398895773848,0,0,
192,15:30:00,20230103,99831145,214.42,214.58,0.160000000000025,0.0007461990485963298,0.0018996017231770333,38035,20849,-17186,0.5894084887532892493061255357,213.77490114178636,212.80728950985156,0,0,
193,15:40:00,20230103,99831145,214.58,214.61,0.030000000000001137,0.0001398079970174347,0.0018905306214957983,20849,17597,-3252,0.5871743146051515780986797012,213.94192091342907,212.89742503435897,0,0,
194,15:50:00,20230103,99831145,214.61,214.58,-0.030000000000001137,-0.00013978845347374836,0.0018815524565315826,17597,74776,57179,0.6008265524096413141638882328,214.06953673074327,212.98155378264104,0,1,
195,09:30:00,20230104,99831145,214.58,218.03,3.4499999999999886,0.016077919657004325,0.0019539829014319538,74776,52415,-22361,0.5992868240752347069126858044,214.8616293845946,213.233976093509,0,0,
196,09:40:00,20230104,99831145,218.03,219.18,1.1500000000000057,0.005274503508691491,0.0019708383359865705,52415,19078,-33337,0.5994732880302768876381796374,215.72530350767568,213.53127728883356,0,0,
197,09:50:00,20230104,99831145,219.18,218.64,-0.5400000000000205,-0.0024637284423762226,0.0019733276799582355,19078,17068,-2010,0.5969777509980822019029678934,216.30824280614053,213.78671342439188,0,0,
198,10:00:00,20230104,99831145,218.64,217.53,-1.1099999999999852,-0.00507683863885833,0.00198892321241502,17068,50658,33590,0.6038673618558526374466106867,216.55259424491243,213.97387775317227,0,1,
199,10:10:00,20230104,99831145,217.53,217.8,0.27000000000001023,0.0012412081092263607,0.001985184636899077,50658,29521,-21137,0.6029342700621681470494601474,216.80207539592993,214.16518386551365,0,0,
200,10:20:00,20230104,99831145,217.8,218.03,0.22999999999998977,0.0010560146923782817,0.001980561900856685,29521,14627,-14894,0.6024446577958507273613677829,217.04766031674393,214.35842467223796,0,0,
201,10:30:00,20230104,99831145,218.03,218.35,0.3199999999999932,0.0014676879328532457,0.001978022920817064,14627,9101,-5526,0.6013325282505368230635668470,217.30812825339513,214.55800343862606,0,0,
202,10:40:00,20230104,99831145,218.35,219.11,0.7600000000000193,0.0034806503320358112,0.0019854250262910478,9101,21246,12145,0.6049440366813171056251099017,217.6685026027161,214.78560326669475,0,1,
203,10:50:00,20230104,99831145,219.11,219.32,0.20999999999997954,0.0009584227100542171,0.0019803907012114555,21246,20616,-630,0.6021239808176686626365078754,217.9988020821729,215.01232310336002,0,0,
204,11:00:00,20230104,99831145,219.32,218.97,-0.3499999999999943,-0.0015958416925040777,0.0019785148523884925,20616,29182,8566,0.6012136322395959705411156519,218.1930416657383,215.21020694819202,0,0,
205,11:10:00,20230104,99831145,218.97,219.07,0.09999999999999432,0.00045668356395850716,0.0019711273218621333,29182,18828,-10354,0.6000174872200208152198857747,218.36843333259063,215.40319660078242,0,0,
206,11:20:00,20230104,99831145,219.07,219.49,0.4200000000000159,0.001917195416990076,0.0019708667812588865,18828,29820,10992,0.5999391966769560222378639300,218.5927466660725,215.6075367707433,0,0,
207,11:30:00,20230104,99831145,219.49,220.57,1.079999999999984,0.004920497516971088,0.001985047698257503,29820,55331,25511,0.6011678527730023597850810303,218.988197332858,215.85565993220615,0,0,
208,11:40:00,20230104,99831145,220.57,220.81,0.2400000000000091,0.0010880899487691394,0.0019807560343843528,55331,23181,-32150,0.6010715883981787779666684721,219.3525578662864,216.10337693559586,0,0,
209,11:50:00,20230104,99831145,220.81,221.91,1.0999999999999943,0.004981658439382248,0.0019950460458367236,23181,10790,-12391,0.6007547360312653611388383440,219.8640462930291,216.39370808881606,0,0,
210,12:00:00,20230104,99831145,221.91,221.93,0.020000000000010232,9.012662791226278E-05,0.0019860179917233376,10790,4866,-5924,0.6005095803000163315183418927,220.27723703442328,216.67052268437524,0,0,
211,12:10:00,20230104,99831145,221.93,221.49,-0.4399999999999977,-0.001982607128373801,0.0019860019027452738,4866,7494,2628,0.6002245067266075812864980517,220.51978962753861,216.91149655015647,0,0,
212,12:20:00,20230104,99831145,221.49,221.57,0.07999999999998408,0.0003611901214501065,0.001978373678419944,7494,17253,9759,0.6035203625327490846524703185,220.72983170203088,217.14442172264864,0,1,
213,12:30:00,20230104,99831145,221.57,221.98,0.4099999999999966,0.0018504310150290952,0.0019777758155069027,17253,6230,-11023,0.6036857037317664789028785990,220.97986536162472,217.3862006365162,0,0,
214,12:40:00,20230104,99831145,221.98,222.12,0.14000000000001478,0.0006306874493198252,0.0019715102882223116,6230,11328,5098,0.6046839030417452723154248429,221.2078922892998,217.62289060469038,0,0,
215,12:50:00,20230104,99831145,222.12,221.42,-0.700000000000017,-0.003151449666846826,0.001976972970530758,11328,8922,-2406,0.6028677463970918690616104937,221.25031383143983,217.81274607445587,0,0,
216,13:00:00,20230104,99831145,221.42,221.5,0.0800000000000125,0.000361304308553936,0.001969527492825796,8922,10768,1846,0.6010430299692307162049698442,221.30025106515188,217.99710877073306,0,0,
217,13:10:00,20230104,99831145,221.5,221.88,0.37999999999999545,0.0017155756207674739,0.0019683625759814916,10768,10801,33,0.5983000098132177094571070315,221.4162008521215,218.1912533321964,0,0,
218,13:20:00,20230104,99831145,221.88,221.31,-0.5699999999999932,-0.0025689561925364753,0.0019711050125867657,10801,20185,9384,0.5995352081412971894647309607,221.3949606816972,218.3471906655866,0,0,
219,13:30:00,20230104,99831145,221.31,221.13,-0.18000000000000682,-0.0008133387555917347,0.001965842438691334,20185,7185,-13000,0.5997375144947252337439334300,221.34196854535776,218.48633113230727,0,0,
220,13:40:00,20230104,99831145,221.13,220.41,-0.7199999999999989,-0.003256003256003251,0.0019716802704438765,7185,36100,28915,0.6152335270890600874616458829,221.1555748362862,218.5825145756919,0,1,
221,13:50:00,20230104,99831145,220.41,220.18,-0.22999999999998977,-0.0010435098226032839,0.0019674993224806305,36100,9187,-26913,0.6158203691534064889543256992,220.96045986902897,218.66238884690733,0,0,
222,14:00:00,20230104,99831145,220.18,219.22,-0.960000000000008,-0.004360069034426414,0.0019782283346418223,9187,28400,19213,0.6224369804932689943106351898,220.61236789522317,218.69026940456197,0,1,
223,14:10:00,20230104,99831145,219.22,220.26,1.039999999999992,0.004744092692272567,0.001990575943381245,28400,7492,-20908,0.6229448385406141842882474195,220.54189431617854,218.76875593433388,0,0,
224,14:20:00,20230104,99831145,220.26,218.58,-1.6799999999999784,-0.007627349496050025,0.0020156282702819953,7492,9833,2341,0.6215649353963143198588189627,220.14951545294284,218.75931813761719,0,0,
225,14:30:00,20230104,99831145,218.58,218.63,0.04999999999998295,0.00022874919937772414,0.002007721725720472,9833,11186,1353,0.6194234882692246845837195967,219.84561236235427,218.75285223073632,0,0,
226,14:40:00,20230104,99831145,218.63,218.64,0.009999999999990905,4.5739377029643255E-05,0.001999078631673376,11186,13240,2054,0.6175036596210089920126275506,219.60448988988344,218.74720961919948,0,0,
227,14:50:00,20230104,99831145,218.64,219.51,0.8700000000000045,0.00397914379802417,0.00200776312801702,13240,7011,-6229,0.6168587675961169321149731843,219.58559191190676,218.78534913823952,0,0,
228,15:00:00,20230104,99831145,219.51,219.67,0.1599999999999966,0.0007288961778506519,0.002002178556182232,7011,24866,17855,0.6252860756381791090116289841,219.6024735295254,218.82958168132754,0,1,
229,15:10:00,20230104,99831145,219.67,219.43,-0.23999999999998067,-0.0010925479127781705,0.001998223640341345,24866,33119,8253,0.6240104795637735190975708208,219.56797882362034,218.85960259726116,0,0,
230,15:20:00,20230104,99831145,219.43,219.33,-0.09999999999999432,-0.0004557261996991948,0.001991546162243327,33119,17726,-15393,0.6233211637471410639461429254,219.52038305889624,218.8831224673981,0,0,
231,15:30:00,20230104,99831145,219.33,218.45,-0.8800000000000239,-0.004012219030684465,0.0020002559590900563,17726,21067,3341,0.6214468492421032122565564886,219.30630644711698,218.8614663440282,0,0,
232,15:40:00,20230104,99831145,218.45,218.34,-0.10999999999998522,-0.0005035477225909143,0.0019938323185900602,21067,28252,7185,0.6202434495893331336390802055,219.1130451576936,218.83539302682678,0,0,
233,15:50:00,20230104,99831145,218.34,218.92,0.5799999999999841,0.0026564074379407535,0.001996663836194123,28252,127891,99639,0.6326646081945785621918169161,219.07443612615486,218.83962337548544,0,1,
234,09:30:00,20230105,99831145,218.92,216.12,-2.799999999999983,-0.01279006029599846,0.0020425931828315885,127891,55184,-72707,0.6323915994670130889040662715,218.4835489009239,218.70364220671118,-1,0,
235,09:40:00,20230105,99831145,216.12,214.39,-1.7300000000000182,-0.008004812141403009,0.0020678568224865523,55184,26127,-29057,0.6319431077320448002037919049,217.6648391207391,218.48796009637564,0,0,
236,09:50:00,20230105,99831145,214.39,214.08,-0.30999999999997385,-0.0014459629646903953,0.0020652327977701127,26127,14107,-12020,0.6312178645510628529683028613,216.94787129659127,218.26756209155687,0,0,
237,10:00:00,20230105,99831145,214.08,214.52,0.4399999999999977,0.0020553064275037262,0.002065191090332019,14107,13059,-1048,0.6288778288172023034744810777,216.462297037273,218.08018398697902,0,0,
238,10:10:00,20230105,99831145,214.52,213,-1.5200000000000102,-0.007085586425508159,0.002086196928554513,13059,6395,-6664,0.6283816848069559689658979692,215.7698376298184,217.82617478763007,0,0,
239,10:20:00,20230105,99831145,213,212.92,-0.0800000000000125,-0.0003755868544601526,0.0020790693865791196,6395,6875,480,0.6260761721184359771614042778,215.19987010385472,217.58086604824854,0,0,
240,10:30:00,20230105,99831145,212.92,213.23,0.3100000000000023,0.0014559458951719064,0.0020764838119259775,6875,22342,15467,0.6328133890579671745402139922,214.80589608308378,217.36332274583611,0,1,
241,10:40:00,20230105,99831145,213.23,213.53,0.30000000000001137,0.0014069314824368586,0.0020737170667627994,22342,10525,-11817,0.6323840533706072116097850959,214.55071686646704,217.1716566085443,0,0,
242,10:50:00,20230105,99831145,213.53,212.39,-1.1400000000000148,-0.005338828267690792,0.0020871537383715566,10525,9313,-1212,0.6302555362550873770390714362,214.11857349317364,216.93257377811707,0,0,
243,11:00:00,20230105,99831145,212.39,213.04,0.6500000000000057,0.0030604077404774504,0.0020911424842818267,9313,10887,1574,0.6283651900401438604219132982,213.90285879453893,216.7379450892112,0,0,
244,11:10:00,20230105,99831145,213.04,213.12,0.0800000000000125,0.0003755163349606295,0.002084139928570312,10887,12211,1324,0.6262968134802073526572085783,213.74628703563113,216.55704783475065,0,0,
245,11:20:00,20230105,99831145,213.12,212.52,-0.5999999999999943,-0.0028153153153152887,0.002087112186240007,12211,12145,-66,0.6237728628674362433138079613,213.5010296285049,216.35519544301312,0,0,
246,11:30:00,20230105,99831145,212.52,212.49,-0.030000000000001137,-0.00014116318464145084,0.0020792338502011462,12145,7093,-5052,0.6229315705145661452660796188,213.29882370280393,216.16193567086248,0,0,
247,11:40:00,20230105,99831145,212.49,212.78,0.28999999999999204,0.001364770106828519,0.0020763529480101275,7093,7423,330,0.6206073494346851303238306144,213.19505896224314,215.99283888731935,0,0,
248,11:50:00,20230105,99831145,212.78,211.8,-0.9799999999999898,-0.0046056960240623635,0.0020865109523316226,7423,10714,3291,0.6198954795356609491468019855,212.91604716979452,215.7831969429534,0,0,
249,12:00:00,20230105,99831145,211.8,212.25,0.44999999999998863,0.002124645892351221,0.002086663492091701,10714,9710,-1004,0.6177907342798293003100803740,212.78283773583564,215.60653709580575,0,0,
250,12:10:00,20230105,99831145,212.25,211.69,-0.5600000000000023,-0.0026383981154299283,0.002088861638001415,9710,4989,-4721,0.6172664675855940302652295485,212.5642701886685,215.41071024101547,0,0,
251,12:20:00,20230105,99831145,211.69,212,0.3100000000000023,0.0014644054986064636,0.0020863836374482607,4989,8290,3301,0.6174426151047516304642441821,212.45141615093482,215.2401747289647,0,0,
252,12:30:00,20230105,99831145,212,211.78,-0.21999999999999886,-0.0010377358490565984,0.0020822387845297165,8290,14442,6152,0.6179353277500081226346535118,212.31713292074784,215.06716599251646,0,0,
253,12:40:00,20230105,99831145,211.78,211.95,0.1699999999999875,0.0008027198035696831,0.0020772013082267244,14442,12396,-2046,0.6160602679115869338591633715,212.24370633659828,214.91130769289063,0,0,
254,12:50:00,20230105,99831145,211.95,212.35,0.4000000000000057,0.0018872375560273918,0.0020764563523357465,12396,14037,1641,0.6141634880898126639706736660,212.26496506927862,214.78324230824612,0,0,
255,13:00:00,20230105,99831145,212.35,211.62,-0.7299999999999898,-0.003437720744054579,0.002081773791365898,14037,13089,-948,0.6120282236763660862975607695,212.13597205542288,214.6250801928338,0,0,
256,13:10:00,20230105,99831145,211.62,211.81,0.18999999999999773,0.0008978357433134757,0.0020771670285330093,13089,37936,24847,0.6170332172002892677899807351,212.0707776443383,214.48432618319208,0,1,
257,13:20:00,20230105,99831145,211.81,212.8,0.9900000000000091,0.004674000283272787,0.002087232273706419,37936,39568,1632,0.6148083590826895145475879261,212.21662211547064,214.40010987403247,0,0,
258,13:30:00,20230105,99831145,212.8,212.63,-0.17000000000001592,-0.0007988721804512025,0.0020822579104119976,39568,13946,-25622,0.6149347494702863851993119745,212.2992976923765,214.31160438033083,0,0,
259,13:40:00,20230105,99831145,212.63,212.44,-0.18999999999999773,-0.0008935709918637903,0.0020776860376483506,13946,12616,-1330,0.6129364152315985304165814411,212.3274381539012,214.2180241613143,0,0,
260,13:50:00,20230105,99831145,212.44,212.44,0,0,0.002069725554745483,12616,18061,5445,0.6122416197719128891644174338,212.34995052312095,214.1291229532486,0,0,
261,14:00:00,20230105,99831145,212.44,212.81,0.37000000000000455,0.0017416682357371707,0.0020684734275736956,18061,10552,-7509,0.6114916811849316794533072598,212.44196041849676,214.06316680558618,0,0,
262,14:10:00,20230105,99831145,212.81,212.49,-0.3199999999999932,-0.0015036887364315266,0.0020663259572651703,10552,14513,3961,0.6105939146217070770923790527,212.4515683347974,213.98450846530687,0,0,
263,14:20:00,20230105,99831145,212.49,212.92,0.4299999999999784,0.002023624641159482,0.002066164209855679,14513,11765,-2748,0.6089982841934742819364577947,212.54525466783792,213.9312830420415,0,0,
264,14:30:00,20230105,99831145,212.92,214.2,1.2800000000000011,0.0060116475671613805,0.002081052826298342,11765,13235,1470,0.6071716751071898197318110007,212.87620373427035,213.94471888993945,0,0,
265,14:40:00,20230105,99831145,214.2,214.53,0.3300000000000125,0.001540616246498658,0.00207902110983293,13235,15012,1777,0.6053938312379652876997615196,213.2069629874163,213.97398294544246,0,0,
266,14:50:00,20230105,99831145,214.53,214.38,-0.15000000000000568,-0.0006992029086841266,0.002073853251401661,15012,14866,-146,0.6031628639033325357492747630,213.44157038993305,213.99428379817033,0,0,
267,15:00:00,20230105,99831145,214.38,212.76,-1.6200000000000045,-0.007556675062972314,0.002094311541743342,14866,9242,-5624,0.6023238716082861056813523881,213.30525631194644,213.93256960826182,0,0,
268,15:10:00,20230105,99831145,212.76,212.36,-0.39999999999997726,-0.0018800526414738544,0.0020935150402553514,9242,31946,22704,0.6092171327663724803179487496,213.11620504955715,213.8539411278487,0,1,
269,15:20:00,20230105,99831145,212.36,212.46,0.09999999999999432,0.0004708984742889165,0.0020875053492702906,31946,19453,-12493,0.6084091662530485453378275276,212.98496403964572,213.78424407145627,0,0,
270,15:30:00,20230105,99831145,212.46,212.19,-0.27000000000001023,-0.0012708274498729655,0.0020844917776857985,19453,26845,7392,0.6075663014446114905323560451,212.82597123171655,213.70453186788345,0,0,
271,15:40:00,20230105,99831145,212.19,212.33,0.14000000000001478,0.0006597860408125491,0.002079253888947294,26845,56026,29181,0.6093289917579735204503847751,212.72677698537325,213.6358052744893,0,1,
272,15:50:00,20230105,99831145,212.33,212.13,-0.20000000000001705,-0.0009419300145999955,0.002075087867429538,56026,86182,30156,0.6090686295103937910196381884,212.60742158829862,213.56051501076485,0,0,
273,09:30:00,20230106,99831145,212.13,212.76,0.6299999999999955,0.002969876962240114,0.002078353521060234,86182,89800,3618,0.6069989663519284028969615283,212.6379372706389,213.5204892602266,0,0,
274,09:40:00,20230106,99831145,212.76,211.21,-1.549999999999983,-0.00728520398571152,0.002097287522749875,89800,37835,-51965,0.6068959695032382562850908198,212.35234981651115,213.40496479721526,0,0,
275,09:50:00,20230106,99831145,211.21,211.31,0.09999999999999432,0.0004734624307560926,0.0020914040985035207,37835,28924,-8911,0.6055504140492403458859562853,212.14387985320892,213.30021655735447,0,0,
276,10:00:00,20230106,99831145,211.31,212.88,1.5699999999999932,0.007429842411622702,0.0021106764389840953,28924,104655,75731,0.6128165695240436986081150662,212.2911038825671,213.27920572948676,0,1,
277,10:10:00,20230106,99831145,212.88,214.61,1.7300000000000182,0.008126644118752434,0.0021323166104940533,104655,22364,-82291,0.6134406372270191553665896470,212.75488310605368,213.34574544301242,0,0,
278,10:20:00,20230106,99831145,214.61,213.61,-1,-0.004659615115791435,0.0021413750280757644,22364,41352,18988,0.6142850905164927883637743167,212.92590648484295,213.3589581708618,0,0,
279,10:30:00,20230106,99831145,213.61,214.92,1.3099999999999739,0.006132671691400093,0.0021556296590162084,41352,10428,-30924,0.6147620136344765437025713005,213.32472518787438,213.43701026231872,0,0,
280,10:40:00,20230106,99831145,214.92,215.6,0.6800000000000068,0.0031639679880886232,0.002159218051646359,10428,17621,7193,0.6150289727391794850725311767,213.7797801502995,213.54515974920278,1,0,
281,10:50:00,20230106,99831145,215.6,215.41,-0.18999999999999773,-0.0008812615955472993,0.0021546862911637384,17621,20824,3203,0.6134925996075403178903885221,214.1058241202396,213.63840176174264,0,0,
282,11:00:00,20230106,99831145,215.41,215.65,0.2400000000000091,0.00111415440323109,0.0021510095000403014,20824,27637,6813,0.6124808609955576403228242122,214.41465929619167,213.7389816736555,0,0,
283,11:10:00,20230106,99831145,215.65,215.23,-0.4200000000000159,-0.001947600278228685,0.0021502932703860353,27637,21919,-5718,0.6110527472305174300788511789,214.57772743695332,213.81353258997274,0,0,
284,11:20:00,20230106,99831145,215.23,215.22,-0.009999999999990905,-4.6461924452868587E-05,0.00214291140601434,21919,21018,-901,0.6090529336959094337238666243,214.70618194956268,213.8838559604741,0,0,
285,11:30:00,20230106,99831145,215.22,215.6,0.37999999999999545,0.001765635164018193,0.002141592258315053,21018,30630,9612,0.6085224069877963371110385541,214.88494555965013,213.96966316245042,0,0,
286,11:40:00,20230106,99831145,215.6,216.11,0.5100000000000193,0.0023654916512060266,0.0021423723955725127,30630,12288,-18342,0.6084886170041615865242654227,215.1299564477201,214.0766800043279,0,0,
287,11:50:00,20230106,99831145,216.11,216.78,0.6699999999999875,0.00310027300911567,0.0021456984393695374,12288,13982,1694,0.6068544831705244513858709826,215.4599651581761,214.2118460041115,0,0,
288,12:00:00,20230106,99831145,216.78,217.12,0.3400000000000034,0.0015684103699603442,0.0021437009027971874,13982,10546,-3436,0.6056049677570614985534657874,215.79197212654088,214.3572537039059,0,0,
289,12:10:00,20230106,99831145,217.12,217.38,0.2599999999999909,0.0011974944731023898,0.002140438122005136,10546,15344,4798,0.6050854996828885908441382273,216.1095777012327,214.50839101871063,0,0,
290,12:20:00,20230106,99831145,217.38,216.92,-0.46000000000000796,-0.0021161100377219983,0.002140354520340933,15344,11605,-3739,0.6038435505799932848136599995,216.27166216098618,214.6289714677751,0,0,
291,12:30:00,20230106,99831145,216.92,217,0.0800000000000125,0.00036879955744058876,0.0021342875512899043,11605,18788,7183,0.6038953101532520885678688832,216.41732972878896,214.74752289438635,0,0,
292,12:40:00,20230106,99831145,217,216.74,-0.2599999999999909,-0.001198156682027608,0.0021310925653879854,18788,13314,-5474,0.6028286237185952819503246951,216.48186378303114,214.84714674966702,0,0,
293,12:50:00,20230106,99831145,216.74,216.51,-0.2300000000000182,-0.0010611792931623982,0.0021274534045981025,13314,9424,-3890,0.6017719741542296616008468750,216.48749102642492,214.93028941218367,0,0,
294,13:00:00,20230106,99831145,216.51,216.91,0.4000000000000057,0.0018474897233384403,0.0021265043751701037,9424,8661,-763,0.6000065216908367159550646022,216.57199282113993,215.02927494157447,0,0,
295,13:10:00,20230106,99831145,216.91,216.97,0.060000000000002274,0.00027661241989766387,0.0021202547401860754,8661,11173,2512,0.5989593232818597171701703674,216.65159425691195,215.12631119449574,0,0,
296,13:20:00,20230106,99831145,216.97,217.01,0.03999999999999204,0.00018435728441716385,0.002113736566934328,11173,13679,2506,0.5976978127684412101874151282,216.72327540552953,215.22049563477097,0,0,
297,13:30:00,20230106,99831145,217.01,217.84,0.8300000000000125,0.003824708538777073,0.002119478083618364,13679,23801,10122,0.5981752240403954507015443030,216.94662032442363,215.35147085303242,0,0,
298,13:40:00,20230106,99831145,217.84,217.94,0.09999999999999432,0.00045905251560775945,0.002113924820849098,23801,18246,-5555,0.5969552184579615246766622007,217.1452962595389,215.48089731038078,0,0,
299,13:50:00,20230106,99831145,217.94,218.13,0.18999999999999773,0.0008717995778654571,0.002109784403372486,18246,12978,-5268,0.5959277704481723533552309503,217.34223700763113,215.61335244486173,0,0,
300,14:00:00,20230106,99831145,218.13,218.59,0.46000000000000796,0.0021088341814514645,0.0021097812464890273,12978,12765,-213,0.5940024701815631361207891765,217.5917896061049,215.76218482261865,0,0,
301,14:10:00,20230106,99831145,218.59,218.55,-0.03999999999999204,-0.00018299098769381967,0.002103401146294341,12765,17753,4988,0.5933294685364740827456969272,217.78343168488394,215.90157558148772,0,0,
302,14:20:00,20230106,99831145,218.55,218,-0.5500000000000114,-0.0025165865934569267,0.002104764794634812,17753,33873,16120,0.5943680364511001377868317296,217.82674534790715,216.00649680241335,0,1,
303,14:30:00,20230106,99831145,218,218.23,0.22999999999998977,0.0010550458715595861,0.002101311771861538,33873,28787,-5086,0.5929067899045271691198864146,217.90739627832573,216.11767196229266,0,0,
304,14:40:00,20230106,99831145,218.23,218.44,0.21000000000000796,0.000962287494844925,0.002097577266035254,28787,24063,-4724,0.5915008720737916853071847374,218.01391702266056,216.23378836417803,0,0,
305,14:50:00,20230106,99831145,218.44,218.56,0.12000000000000455,0.000549349935909195,0.0020925176995969337,24063,33117,9054,0.5907974780847678226574862218,218.12313361812846,216.3500989459691,0,0,
306,15:00:00,20230106,99831145,218.56,219.08,0.5200000000000102,0.0023792093704246443,0.0020934515486875777,33117,31607,-1510,0.5890215772359725036446222488,218.31450689450278,216.48659399867066,0,0,
307,15:10:00,20230106,99831145,219.08,218.91,-0.17000000000001592,-0.000775972247580865,0.0020891740184891794,31607,37552,5945,0.5877198553800445073678341898,218.4336055156022,216.60776429873712,0,0,
308,15:20:00,20230106,99831145,218.91,218.58,-0.3299999999999841,-0.0015074688228038193,0.002087291477402819,37552,25002,-12550,0.5868994132531718565296888099,218.46288441248177,216.70637608380028,0,0,
309,15:30:00,20230106,99831145,218.58,218.89,0.30999999999997385,0.0014182450361422537,0.002085133263076172,25002,39501,14499,0.5868768783940050024255067858,218.5483075299854,216.81555727961026,0,0,
310,15:40:00,20230106,99831145,218.89,218.69,-0.19999999999998863,-0.0009137009456804269,0.0020813665996761853,39501,49700,10199,0.5858200266790342477593739537,218.57664602398833,216.90927941562973,0,0,
311,15:50:00,20230106,99831145,218.69,218.49,-0.19999999999998863,-0.0009145365585988781,0.0020776267598009374,49700,162391,112691,0.5912097847578953630334774925,218.55931681919068,216.98831544484824,0,1,
312,09:30:00,20230109,99831145,218.49,220.9,2.4099999999999966,0.011030253100828398,0.0021062293998681176,162391,77756,-84635,0.5909860485796931293346724480,219.02745345535254,217.1838996726058,0,0,
313,09:40:00,20230109,99831145,220.9,221.84,0.9399999999999977,0.00425531914893616,0.002113073634737761,77756,21716,-56040,0.5913992015658037463552957243,219.58996276428203,217.41670468897553,0,0,
314,09:50:00,20230109,99831145,221.84,222.73,0.8899999999999864,0.004011900468806285,0.0021191016564332168,21716,31456,9740,0.5909456079809108878739694545,220.2179702114256,217.68236945452676,0,0,
315,10:00:00,20230109,99831145,222.73,222.46,-0.2699999999999818,-0.0012122300543257838,0.0021162318095911048,31456,36415,4959,0.5895744154849181396259682699,220.6663761691405,217.92125098180043,0,0,
316,10:10:00,20230109,99831145,222.46,222.45,-0.010000000000019327,-4.495190146551886E-05,0.002109697803571781,36415,26279,-10136,0.5885926250105033433128325301,221.0231009353124,218.1476884327104,0,0,
317,10:20:00,20230109,99831145,222.45,222.72,0.27000000000001023,0.0012137559002023386,0.0021068803762026946,26279,31953,5674,0.5874206791694605256435457061,221.36248074824994,218.37630401107486,0,0,
318,10:30:00,20230109,99831145,222.72,222.57,-0.15000000000000568,-0.0006734913793103704,0.0021023869937672954,31953,30726,-1227,0.5856996116805927389172255715,221.60398459859994,218.58598881052112,0,0,
319,10:40:00,20230109,99831145,222.57,222.45,-0.12000000000000455,-0.0005391562205149147,0.0020975018976008815,30726,16598,-14128,0.5853061942299302409008905994,221.77318767887994,218.77918936999507,0,0,
320,10:50:00,20230109,99831145,222.45,221.58,-0.8699999999999761,-0.003910991233985058,0.0021031513970911748,16598,16858,260,0.5835316096307595300697479774,221.73455014310395,218.91922990149533,0,0,
321,11:00:00,20230109,99831145,221.58,221.72,0.13999999999998636,0.0006318259770736815,0.002098582063488636,16858,11469,-5389,0.5827121642165699523552183898,221.73164011448316,219.05926840642059,0,0,
322,11:10:00,20230109,99831145,221.72,222.09,0.37000000000000455,0.0016687714234169427,0.002097251380392439,11469,27134,15665,0.5851367574702647714263712918,221.80331209158652,219.21080498609956,0,1,
323,11:20:00,20230109,99831145,222.09,222.62,0.5300000000000011,0.002386419919852317,0.002098143875884599,27134,35166,8032,0.5842443982897643646309377509,221.96664967326922,219.38126473679458,0,0,
324,11:30:00,20230109,99831145,222.62,222.42,-0.20000000000001705,-0.0008983918785374946,0.002094452331277377,35166,8461,-26705,0.5847833333178939956428319707,222.05731973861538,219.53320149995486,0,0,
325,11:40:00,20230109,99831145,222.42,223.1,0.6800000000000068,0.0030572790216707437,0.002097405787382878,8461,13577,5116,0.5848442944425914704162477799,222.26585579089232,219.71154142495712,0,0,
326,11:50:00,20230109,99831145,223.1,223.06,-0.03999999999999204,-0.00017929179740023326,0.0020915399953645828,13577,18715,5138,0.5842130706568972649581861957,222.42468463271385,219.87896435370925,0,0,
327,12:00:00,20230109,99831145,223.06,223.01,-0.05000000000001137,-0.0002241549358917393,0.0020858467482320437,18715,20558,1843,0.5827321684822128406484678182,222.5417477061711,220.03551613602377,0,0,
328,12:10:00,20230109,99831145,223.01,221.86,-1.1499999999999773,-0.005156719429621888,0.002095180707749946,20558,12577,-7981,0.5821409421291269563377503313,222.40539816493686,220.12674032922257,0,0,
329,12:20:00,20230109,99831145,221.86,221.7,-0.160000000000025,-0.0007211755160913414,0.002091017055654011,12577,16796,4219,0.5813934047462760982948437544,222.2643185319495,220.20540331276146,0,0,
330,12:30:00,20230109,99831145,221.7,221.56,-0.13999999999998636,-0.0006314839873702588,0.002086607590190918,16796,15482,-1314,0.5798732824135025683170256658,222.12345482555958,220.2731331471234,0,0,
331,12:40:00,20230109,99831145,221.56,221.71,0.15000000000000568,0.0006770175121863409,0.0020823618369439165,15482,8971,-6511,0.5793934017440103934239348570,222.04076386044767,220.34497648976722,0,0,
332,12:50:00,20230109,99831145,221.71,221.72,0.009999999999990905,4.51039646384507E-05,0.002076243945435492,8971,11447,2476,0.5784823117864643341868783424,221.97661108835814,220.41372766527888,0,0,
333,13:00:00,20230109,99831145,221.72,221.17,-0.5500000000000114,-0.002480606169944125,0.002077454610778332,11447,8645,-2802,0.5774832039421321222501061639,221.81528887068652,220.45154128201494,0,0,
334,13:10:00,20230109,99831145,221.17,221.78,0.6100000000000136,0.002758059411312627,0.0020794862668993296,8645,20122,11477,0.5797223233371478824783971551,221.8082310965492,220.5179642179142,0,1,
335,13:20:00,20230109,99831145,221.78,221.94,0.1599999999999966,0.0007214356569573298,0.0020754444496078354,20122,10860,-9262,0.5793668765935058119521740347,221.83458487723937,220.5890660070185,0,0,
336,13:30:00,20230109,99831145,221.94,221.68,-0.2599999999999909,-0.0011714877894926146,0.0020727620856312323,10860,17534,6674,0.5794712740010817383316679415,221.80366790179147,220.64361270666757,0,0,
337,13:40:00,20230109,99831145,221.68,220.95,-0.7300000000000182,-0.00329303500541329,0.0020763723605418303,17534,16659,-875,0.5779045040943080571725762789,221.63293432143317,220.65893207133416,0,0,
338,13:50:00,20230109,99831145,220.95,220.99,0.040000000000020464,0.00018103643358235105,0.0020707813991053714,16659,11004,-5655,0.5772011166185989517053997940,221.50434745714654,220.67548546776746,0,0,
339,14:00:00,20230109,99831145,220.99,221.5,0.5099999999999909,0.0023077967328837996,0.002071478503028249,11004,9786,-1218,0.5758290163429582587850269298,221.50347796571725,220.7167111943791,0,0,
340,14:10:00,20230109,99831145,221.5,221.29,-0.21000000000000796,-0.0009480812641083881,0.0020681840829727656,9786,16756,6970,0.5762290543546692285166171920,221.46078237257382,220.74537563466015,0,0,
341,14:20:00,20230109,99831145,221.29,221.43,0.14000000000001478,0.0006326539834606841,0.0020639866265414436,16756,21367,4611,0.5753488086061328156905884887,221.45462589805905,220.77960685292715,0,0,
342,14:30:00,20230109,99831145,221.43,221.08,-0.3499999999999943,-0.0015806349636453701,0.0020625774380198807,21367,15451,-5916,0.5744786241955130717115471038,221.37970071844725,220.79462651028078,0,0,
343,14:40:00,20230109,99831145,221.08,221.3,0.21999999999999886,0.0009951148905373568,0.0020594743492190594,15451,18929,3478,0.5734629848784136906842381326,221.3637605747578,220.81989518476675,0,0,
344,14:50:00,20230109,99831145,221.3,220.1,-1.200000000000017,-0.005422503389064695,0.0020692222594794816,18929,19002,73,0.5718119516366102631160849892,221.11100845980621,220.7839004255284,0,0,
345,15:00:00,20230109,99831145,220.1,220.53,0.4300000000000068,0.0019536574284416486,0.0020688882570776383,19002,20981,1979,0.5704603186315966642707349946,220.99480676784498,220.771205404252,0,0,
346,15:10:00,20230109,99831145,220.53,220.22,-0.3100000000000023,-0.0014057044393053202,0.0020669770645192166,20981,20676,-305,0.5688582340303910545276170218,220.839845414276,220.74364513403938,0,0,
347,15:20:00,20230109,99831145,220.22,220.09,-0.12999999999999545,-0.0005903187721369333,0.0020627337935640953,20676,27949,7273,0.5682343899534652327292004822,220.6898763314208,220.7109628773374,-1,0,
348,15:30:00,20230109,99831145,220.09,219.25,-0.8400000000000034,-0.003816620473442698,0.002067759256830223,27949,36262,8313,0.5674584593606048436732902724,220.40190106513663,220.63791473347055,0,0,
349,15:40:00,20230109,99831145,219.25,219.63,0.37999999999999545,0.0017331812998859543,0.0020668033198103825,36262,50874,14612,0.5669884530845871113883102578,220.2475208521093,220.58751899679703,0,0,
350,15:50:00,20230109,99831145,219.63,219.37,-0.2599999999999909,-0.001183809133542735,0.002064287666858053,50874,170624,119750,0.5720792398883947148947012276,220.07201668168742,220.5266430469572,0,1,
351,09:30:00,20230110,99831145,219.37,221.87,2.5,0.011396271140082964,0.002090798983543351,170624,68075,-102549,0.5721614673395659661841827527,220.43161334534992,220.59381089460933,0,0,
352,09:40:00,20230110,99831145,221.87,221.6,-0.27000000000001023,-0.0012169288321990815,0.0020883234307066817,68075,26980,-41095,0.5722507334947651058954040981,220.66529067627994,220.64412034987888,1,0,
353,09:50:00,20230110,99831145,221.6,222.18,0.5800000000000125,0.0026173285198556524,0.0020898177953652948,26980,9494,-17486,0.5724650243913814776630392576,220.96823254102395,220.72091433238495,0,0,
354,10:00:00,20230110,99831145,222.18,221.71,-0.46999999999999886,-0.0021154019263660046,0.002089889863339945,9494,38524,29030,0.5794657445076975569810568952,221.11658603281916,220.7703686157657,0,1,
355,10:10:00,20230110,99831145,221.71,221.81,0.09999999999999432,0.0004510396463848916,0.0020852863514945657,38524,21411,-17113,0.5790858311586708200596442521,221.25526882625533,220.8223501849774,0,0,
356,10:20:00,20230110,99831145,221.81,221.57,-0.2400000000000091,-0.0010820071232136021,0.0020824760455329942,21411,33155,11744,0.5790001652615321204529867873,221.31821506100425,220.85973267572854,0,0,
357,10:30:00,20230110,99831145,221.57,221,-0.5699999999999932,-0.002572550435528245,0.002083844968410076,33155,15922,-17233,0.5788347200335361326343341934,221.25457204880342,220.86674604194212,0,0,
358,10:40:00,20230110,99831145,221,220.92,-0.0800000000000125,-0.00036199095022630093,0.002079048717663046,15922,23783,7861,0.5785976299554125989480376151,221.18765763904273,220.869408739845,0,0,
359,10:50:00,20230110,99831145,220.92,221.15,0.2300000000000182,0.0010411008509868648,0.0020761655291445013,23783,26259,2476,0.5772796031396630698912438760,221.1801261112342,220.88343830285277,0,0,
360,11:00:00,20230110,99831145,221.15,220.9,-0.25,-0.0011304544426859596,0.002073545830844062,26259,10863,-15396,0.5773046271310317685374197791,221.12410088898736,220.8842663877101,0,0,
361,11:10:00,20230110,99831145,220.9,220.78,-0.12000000000000455,-0.0005432322317791062,0.002069318445211286,10863,15026,4163,0.5767685023858949749048136873,221.05528071118988,220.8790530683246,0,0,
362,11:20:00,20230110,99831145,220.78,220.61,-0.1699999999999875,-0.0007699972823624762,0.0020657390480684516,15026,7751,-7275,0.5765133847153209473161015724,220.96622456895193,220.86560041490836,0,0,
363,11:30:00,20230110,99831145,220.61,220.03,-0.5800000000000125,-0.0026290739313721613,0.002067286671374231,7751,14772,7021,0.5774180693838258078507057202,220.77897965516155,220.82382039416294,-1,1,SELL
364,11:40:00,20230110,99831145,220.03,220.24,0.21000000000000796,0.0009544153070036265,0.00206423770873212,14772,7750,-7022,0.5771384549112512824001920448,220.67118372412924,220.7946293744548,0,0,
365,11:50:00,20230110,99831145,220.24,220.2,-0.040000000000020464,-0.00018162005085370714,0.002059093944639556,7750,13315,5565,0.5775234987943599735905317281,220.5769469793034,220.76489790573203,0,0,
366,12:00:00,20230110,99831145,220.2,220.31,0.11000000000001364,0.0004995458673933409,0.002054844494837795,13315,6968,-6347,0.5772487220554078988784651850,220.5235575834427,220.74215301044543,0,0,
367,12:10:00,20230110,99831145,220.31,220.2,-0.11000000000001364,-0.0004992964459171787,0.002050617462096163,6968,51610,44642,0.5930896668811009419825835672,220.45884606675415,220.71504535992315,0,1,
368,12:20:00,20230110,99831145,220.2,220.38,0.18000000000000682,0.0008174386920981237,0.002047275514209989,51610,11032,-40578,0.5936131175837738646785106954,220.4430768534033,220.698293091927,0,0,
369,12:30:00,20230110,99831145,220.38,221.25,0.8700000000000045,0.00394772665396136,0.0020524118686417498,11032,11291,259,0.5920722095831701679938946080,220.60446148272266,220.72587843733066,0,0,
370,12:40:00,20230110,99831145,221.25,220.73,-0.5200000000000102,-0.0023502824858757524,0.002053214754402488,11291,8682,-2609,0.5910991550910410757519713569,220.62956918617812,220.72608451546412,0,0,
371,12:50:00,20230110,99831145,220.73,220.84,0.11000000000001364,0.0004983463960495341,0.002049035000751002,8682,24957,16275,0.5945493403512072028584558473,220.6716553489425,220.73178028969093,0,1,
372,13:00:00,20230110,99831145,220.84,221.23,0.38999999999998636,0.0017659844231116932,0.0020482761520173847,24957,7350,-17607,0.5948467776390908798701289564,220.783324279154,220.75669127520638,1,0,
373,13:10:00,20230110,99831145,221.23,220.73,-0.5,-0.0022600913076888307,0.0020488425027009984,7350,32253,24903,0.6023155383013021942260366112,220.7726594233232,220.75535671144604,0,1,
374,13:20:00,20230110,99831145,220.73,220.75,0.020000000000010232,9.060843564540495E-05,0.00204362054518885,32253,5167,-27086,0.6029488244611978608062722599,220.76812753865858,220.75508887587372,0,0,
375,13:30:00,20230110,99831145,220.75,221.23,0.47999999999998977,0.0021744054360135438,0.002043968377345299,5167,5844,677,0.6016937047283643874613202482,220.86050203092685,220.77883443208003,0,0,
376,13:40:00,20230110,99831145,221.23,221.21,-0.01999999999998181,-9.040365230747101E-05,0.002038786508048116,5844,3935,-1909,0.6009641718830363621269756732,220.93040162474148,220.80039271047602,0,0,
377,13:50:00,20230110,99831145,221.21,220.92,-0.29000000000002046,-0.0013109714750690314,0.0020368610714529335,3935,34033,30098,0.6196092213869728511819432016,220.92832129979317,220.8063730749522,0,1,
378,14:00:00,20230110,99831145,220.92,221.43,0.5100000000000193,0.002308527973927301,0.0020375778706679054,34033,8238,-25795,0.6199742124179919569556366164,221.02865703983454,220.83755442120457,0,0,
379,14:10:00,20230110,99831145,221.43,221.44,0.009999999999990905,4.516099896125595E-05,0.0020323346683739406,8238,7261,-977,0.6186547980347425039262220503,221.11092563186764,220.86767670014436,0,0,
380,14:20:00,20230110,99831145,221.44,221.57,0.12999999999999545,0.0005870664739884187,0.0020285413135330338,7261,8643,1382,0.6175305909800718041639613340,221.20274050549412,220.90279286513714,0,0,
381,14:30:00,20230110,99831145,221.57,221.4,-0.1699999999999875,-0.0007672518842803065,0.002025239508744414,8643,4992,-3651,0.6170198375216725909873661903,221.2421924043953,220.9276532218803,0,0,
382,14:40:00,20230110,99831145,221.4,221.31,-0.09000000000000341,-0.0004065040650406658,0.0020210130454449264,4992,19755,14763,0.6231303124387680431498816029,221.25575392351624,220.94677056078626,0,1,
383,14:50:00,20230110,99831145,221.31,221.3,-0.009999999999990905,-4.518548642172023E-05,0.0020158676611766366,19755,26084,6329,0.6223418860748955184340362063,221.26460313881302,220.96443203274694,0,0,
384,15:00:00,20230110,99831145,221.3,221.15,-0.15000000000000568,-0.0006778129236331029,0.0020123921943258744,26084,23607,-2477,0.6209720693034679851397209969,221.24168251105044,220.9737104311096,0,0,
385,15:10:00,20230110,99831145,221.15,221.41,0.2599999999999909,0.001175672620393357,0.002010224527035894,23607,22005,-1602,0.6195391396617542920767393932,221.27534600884036,220.99552490955412,0,0,
386,15:20:00,20230110,99831145,221.41,221.52,0.11000000000001364,0.0004968158619755821,0.0020063139103303116,22005,15738,-6267,0.6186741778262944273411409357,221.3242768070723,221.0217486640764,0,0,
387,15:30:00,20230110,99831145,221.52,220.61,-0.9099999999999966,-0.004107981220657262,0.0020117305786558964,15738,53409,37671,0.6232488145957541528827260681,221.18142144565786,221.00116123087255,0,1,
388,15:40:00,20230110,99831145,220.61,220.96,0.3499999999999943,0.0015865101310003822,0.002010637466965265,53409,67129,13720,0.6223070067012534169866446274,221.1371371565263,220.99910316932892,0,0,
389,15:50:00,20230110,99831145,220.96,221.96,1,0.004525706010137581,0.002017086360665707,67129,196107,128978,0.6256378745537407083659714395,221.30170972522103,221.0471480108625,0,1,
